100
2 1
2 2
3 1
3 2
10 5
100000 1
100000 100000
100000 50000
84651 70280
94166 15582
98481 19223
82689 43907
90008 56192
81773 48700
85515 21344
83271 47841
80062 8168
80434 29991
97517 90674
85458 84911
92214 57724
88209 54629
98705 42782
84820 26958
99531 53294
89094 3096
90430 70929
95449 48823
95605 43161
93551 48723
93125 44092
88608 10190
98014 45976
90409 4274
93417 17262
81154 50609
89700 87289
97564 7237
90359 5073
84201 46376
97931 83862
89421 73050
85950 18323
81469 60921
80991 67968
86105 26097
85275 53109
95014 21141
88827 73951
89229 80203
80020 50475
88787 1812
98577 60088
93586 25501
90565 23811
88208 46558
88151 81094
88038 42935
96984 14567
85957 58743
84451 23735
99285 82202
88816 42355
91436 57891
93841 83857
87552 64824
92319 19715
95700 81346
95429 87100
85355 7229
86042 53731
95041 43431
91477 65413
91192 7711
87118 7407
85726 7307
92237 54865
92701 37604
89577 36354
95659 35771
81685 72532
91108 9214
80779 20706
89762 76373
83522 40335
91066 59400
99277 17406
81968 31426
81483 68345
88945 14147
89295 15456
89870 15497
80587 79163
91906 72954
95911 28260
97746 58796
96658 25977
89938 33429
98136 25096
88318 21665
