100
2 1
2 2
3 1
3 2
10 5
100 1
100 100
100 50
80 48
83 62
84 83
100 47
84 47
99 60
89 51
98 11
94 41
95 61
86 21
96 18
80 7
86 76
97 22
98 34
100 32
97 4
97 80
98 49
88 73
99 90
80 35
94 72
81 36
97 53
95 14
84 36
98 84
88 52
93 41
98 82
93 65
85 70
81 74
81 26
85 79
84 46
80 31
85 10
89 30
95 75
92 67
98 64
97 63
87 77
98 15
96 56
99 77
91 86
84 10
96 39
93 22
92 69
96 5
85 32
97 83
99 98
95 46
96 78
81 12
97 30
92 27
89 39
82 49
86 63
94 28
88 58
82 63
88 87
99 67
88 57
93 79
80 67
91 46
98 68
97 61
100 30
80 52
85 16
98 36
91 2
95 37
91 4
89 50
96 60
88 56
90 72
93 4
99 34
81 17
91 50
