100
5 1
3 1 4 1 5 9
2 7 1 8 2 9
4 8 15 16 23 42
127170 1
554848 784504 968899 837296 343843 1413468
703469737 670571100 879751426 881783801 520474304 949867908
223059988 370179195 158034462 302346590 186383464 406900278
400000 1
0 0 0 0 0 1000000000
999999999 999999999 0 0 999999999 1000000000
461148867 339183169 207336838 595890301 520669031 737729310
400000 1
45624151 62345995 159805588 419851772 260988438 427133778
239319825 634479191 160707015 491111475 224467836 707956397
359141982 235257127 24728212 169545772 294473147 586242430
385598 1
96328985 48714806 61025995 66077332 66099972 135503196
23637160 201652300 35123401 73045971 113768738 229458983
238160768 389487197 387349519 251278024 193389185 496405716
400000 1
325707724 569011152 169256585 420717685 292112846 627346764
325707724 569011152 169256585 420717685 292112846 627346764
329878 137815 214056 205956 271499 400000
233509 1
170451200 236402074 124879929 151641415 118172794 275781400
242808598 161846634 312417280 98809620 234016302 814012017
652192355 117446573 77906026 103740131 248813591 708086339
400000 1
10709399 28276700 2756598 69601701 28396177 72305228
10709399 28276700 2756598 69601701 28396177 72305228
354606 3871 64903 86633 277165 400000
400000 1
0 0 0 0 0 1000000000
999999999 999999999 0 0 999999999 1000000000
197616518 235262691 205793422 237099678 35266222 242626722
400000 1
601775209 333981660 100498269 181160163 687320150 700425776
601775209 333981660 100498269 181160163 687320150 700425776
311903 58778 331602 44697 392345 400000
400000 1
414571474 544896336 706108371 103795407 564427516 827167017
414571474 544896336 706108371 103795407 564427516 827167017
224700 383725 300656 41223 326271 400000
153239 1
135642188 140078676 42079837 9357854 114059074 163523309
135642188 140078676 42079837 9357854 114059074 163523309
99797 123560 46042 110677 32175 153239
153239 1
0 0 0 0 0 1000000000
209290312 145565288 410849142 243755615 263099168 517115689
276965314 700356087 441400321 121468385 388151892 980043653
400000 1
327887427 413497568 45103728 154890645 11530685 527778643
327887427 413497568 45103728 154890645 11530685 527778643
375234 332105 243090 69481 126168 400000
270401 1
357425041 4765297 224546661 468705447 12011321 470154683
357425041 4765297 224546661 468705447 12011321 470154683
72852 103035 177704 118457 101152 270401
400000 1
21468705 32558811 45421310 43269303 83487142 104196891
21468705 32558811 45421310 43269303 83487142 104196891
357597 365611 70609 120526 7312 400000
400000 1
0 0 0 0 0 1000000000
999999999 999999999 0 0 999999999 1000000000
130985583 162842061 21688497 4333861 45772486 235163350
400000 1
429028038 336515362 151966469 44242742 483980536 574234403
999999999 999999999 0 0 999999999 1000000000
540469965 825156262 326147581 683535387 317833254 843892917
339398 1
0 0 0 0 0 1000000000
16702133 170564427 103314648 144234750 280708924 324362319
386233836 285711492 415827468 472913635 180971134 588428898
400000 1
217425325 247871914 243668740 261896345 495286040 539252736
999999999 999999999 0 0 999999999 1000000000
58013204 291364360 614835994 347619961 279181727 798067611
400000 1
268393096 329065337 285184388 291238037 190839612 333005364
268393096 329065337 285184388 291238037 190839612 333005364
0 0 0 0 0 1
400000 1
296570248 400061965 335400784 353372024 135361598 416772800
296570248 400061965 335400784 353372024 135361598 416772800
68568 255544 246695 178755 325020 400000
400000 1
4205555 2156118 2315526 5809404 6494221 10295403
4205555 2156118 2315526 5809404 6494221 10295403
171583 117304 292768 328865 302575 400000
397910 1
398280401 925654437 103475467 372396978 591480566 954079412
797031370 229463886 761836148 118873764 466781850 823288085
231544585 659073523 531910977 119615085 166451344 710128896
104676 1
0 0 0 0 0 1000000000
1034922 57965 1735285 1594243 326628 2108928
6200466 7355427 9676864 13250769 12575519 23137628
400000 1
528294227 34829593 313994879 496384471 68290718 592385809
528294227 34829593 313994879 496384471 68290718 592385809
308946 380428 165917 304998 186305 400000
339398 1
629525715 181457009 181547530 4750300 581992605 738776369
999999999 999999999 0 0 999999999 1000000000
734766628 66462887 686771849 4851333 730957062 735812842
400000 1
191318398 533441929 454047855 352205616 47349265 727153157
191318398 533441929 454047855 352205616 47349265 727153157
101792 266322 181194 193243 162746 400000
400000 1
208965604 447695386 338157127 376568371 411803306 583567206
999999999 999999999 0 0 999999999 1000000000
103505427 109071895 137458456 54423070 79593407 146733379
300430 1
233967309 37895188 257726800 53202091 155851449 340580611
103080542 524569406 498148503 151412127 363519034 665118749
220166785 380615708 33531916 333646317 182811604 573213588
400000 1
169911873 304914733 184945757 339339475 203304503 341367282
169911873 304914733 184945757 339339475 203304503 341367282
114024 398286 85252 225201 49408 400000
293099 1
463423583 224047538 774410518 749363416 396709670 860945877
652576519 654235048 370131806 141190522 112833130 799913259
3777734 6728050 9311048 8047365 8927182 10817128
400000 1
573300763 104077838 232816023 210146341 56995421 864371111
475928704 294846736 9313837 67477311 242104309 972786772
55423745 434957484 356353850 275140940 267990056 443540111
153239 1
176871080 157006506 48885525 4780466 307260374 388262848
999999999 999999999 0 0 999999999 1000000000
223487143 282603778 206832861 241774600 462925307 493452537
339398 1
695701907 280368450 486779034 424865661 298404426 720885925
352743374 699773030 220435766 140799495 342475161 777206851
315568035 677512519 288943256 596443301 72410002 943179334
88012 1
0 0 0 0 0 1000000000
443073441 99209597 61342279 281159956 45571120 486331750
35787633 577402982 225701345 28682 624131133 644200449
368117 1
170583552 23436555 88189136 161508353 54507785 228414564
170583552 23436555 88189136 161508353 54507785 228414564
134496 189648 249499 164112 167834 368117
104676 1
282806919 113145470 500855127 59245664 296797373 579686789
150278939 101271644 151803600 393491977 485281048 713345403
63788252 17327302 138765799 641248611 561984953 809256354
400000 1
126062956 167713034 18504243 176077531 166532869 248563639
126062956 167713034 18504243 176077531 166532869 248563639
383830 181406 66148 256721 298164 400000
400000 1
85203668 469584157 199308155 42727507 481827353 562506634
85203668 469584157 199308155 42727507 481827353 562506634
97756 139855 314083 129390 162989 400000
400000 1
0 0 0 0 0 1000000000
42525568 51163842 40507007 42518270 77188731 101585799
147835610 271790983 149890152 460856013 163749692 503266416
400000 1
0 0 0 0 0 1000000000
11182257 182318606 237637147 188131344 12608102 369799109
156780084 343464043 202240114 12112408 80673049 376934536
400000 1
221474070 689630612 387685111 510432182 268770871 788063132
592043407 659076995 252055633 419226038 303251125 762051304
3469349 154986061 155704445 55550986 132464206 169437497
400000 1
426250228 309868614 4656809 289418927 494830079 643371190
396705507 305637796 130000073 220786666 413253737 551087537
296242810 813632782 455703016 911935781 843928576 947282413
400000 1
99466515 174917891 229847933 170643073 170145254 243315396
99466515 174917891 229847933 170643073 170145254 243315396
75641 150954 110742 344962 95756 400000
88012 1
54047438 213536630 257723556 782071368 777313672 981101578
999999999 999999999 0 0 999999999 1000000000
639903783 28547733 107190090 574300176 428803743 690223736
400000 1
378425977 482827176 619367915 370357543 343898661 790130091
999999999 999999999 0 0 999999999 1000000000
292027400 152339766 141755881 225611435 567752677 646769835
400000 1
21153358 274664606 67189705 183642854 208120325 387080885
21153358 274664606 67189705 183642854 208120325 387080885
300933 344095 341272 383003 289816 400000
116812 1
243437774 369869037 551970463 359160751 121516746 591684308
233624993 212239606 482562661 416834487 66718774 585460703
127599035 129939037 75132428 104523 112544264 133361706
400000 1
4381321 1041222 1637915 1325130 3595059 4847163
4381321 1041222 1637915 1325130 3595059 4847163
188173 227481 265131 320185 395852 400000
2014 1
715123890 36758400 170954321 633305409 79258587 924916030
400875295 341786664 386519661 202421413 167472376 401945199
480873826 733475270 78863850 776799331 756345093 828200670
368117 1
10242207 7711723 59762636 9388392 15302979 63455871
89787627 6325515 60077326 92086803 59937727 103924992
110739698 58028676 195658884 281847804 131146540 336544125
400000 1
1475002 684230 18236894 10592403 9091490 18681297
504670331 694891879 259948062 55299371 438437818 793175954
47094205 670974086 688808416 699149170 840084715 846261711
400000 1
0 0 0 0 0 1000000000
999999999 999999999 0 0 999999999 1000000000
176670895 635162534 320637997 464786552 98953581 925737760
400000 1
298031059 505965544 63707400 224674525 540110791 705739901
298031059 505965544 63707400 224674525 540110791 705739901
103659 153608 375412 269896 214740 400000
400000 1
108511845 33480267 225031486 15919101 181825877 228794249
108511845 33480267 225031486 15919101 181825877 228794249
251920 266753 153101 108926 266822 400000
400000 1
375495613 364809601 545030968 281676038 202750694 643182319
375495613 364809601 545030968 281676038 202750694 643182319
375929 258106 88737 61386 39791 400000
104676 1
93181832 361339569 514390580 24348955 267318470 884215220
999999999 999999999 0 0 999999999 1000000000
391678259 211489966 381440630 1010865 323733889 747334581
1 1
0 0 0 0 0 1
0 0 0 0 0 1
999999999 999999999 0 0 999999999 1000000000
400000 1
0 0 0 0 0 1
999999999 999999999 0 0 999999999 1000000000
0 0 0 0 0 1
400000 1
0 0 0 0 0 1000000000
999999999 999999999 0 0 999999999 1000000000
432552809 470603943 150450686 201273265 71504806 479979515
400000 1
184462180 358986 293188161 444187443 144745344 500380767
184462180 358986 293188161 444187443 144745344 500380767
98874 241782 50556 315038 62854 400000
270401 1
0 0 0 0 0 1000000000
755864318 628574925 120881959 611890222 288065015 799930904
14298939 80810817 133785496 144251153 136707045 160011468
339398 1
0 0 0 0 0 1000000000
999999999 999999999 0 0 999999999 1000000000
227630000 153016411 25438000 240353467 156488243 249212141
88012 1
225728452 327056658 349347790 59343952 272556973 352077477
237352814 62710154 456913337 201462493 408710502 554499997
56839959 64273869 199808783 150471504 36462188 217541798
400000 1
158372421 814271222 63320254 791983950 576120233 920593018
158372421 814271222 63320254 791983950 576120233 920593018
50153 244396 67163 387785 306974 400000
400000 1
0 0 0 0 0 1000000000
738709833 735216204 127747006 267805267 265494422 800093712
129572894 70625659 436519229 417314659 469598476 857895310
400000 1
116002090 229661988 374457134 269653752 150127925 410772315
43440224 241626199 296492262 60086617 303518523 437460750
16145912 12036455 47267337 17683333 52476758 88856570
153239 1
0 0 0 0 0 1000000000
999999999 999999999 0 0 999999999 1000000000
306520379 173121795 247311474 248510112 294493010 322429195
153239 1
106122842 61132752 56299371 145338666 111377255 161080840
7738706 155243669 91188114 30148355 116942609 165402142
214831578 385297669 416038230 504576183 429762848 559482549
400000 1
22958050 349601630 226530368 375035089 202914573 441292092
22958050 349601630 226530368 375035089 202914573 441292092
244017 173069 318180 302262 166676 400000
1 1
0 0 0 0 0 1
0 0 0 0 0 1
0 0 0 0 0 1
400000 1
36002338 49246389 13068482 27955372 32772330 49360585
36002338 49246389 13068482 27955372 32772330 49360585
339628 217060 347679 174953 38380 400000
400000 1
31196666 10284360 5664102 7651845 8624849 40217279
999999999 999999999 0 0 999999999 1000000000
401715066 104699626 61141271 198845383 295832277 505515613
400000 1
57162341 100867158 505779878 312620658 411709459 911776366
999999999 999999999 0 0 999999999 1000000000
134015929 185331272 366663920 410870898 279281662 516151923
368117 1
0 0 0 0 0 1000000000
902199779 214972250 780452252 329591648 205902538 927914365
9556707 5703652 20947381 67545750 46151731 130421038
368117 1
49504400 3361606 14892941 47692683 62173596 77207700
999999999 999999999 0 0 999999999 1000000000
95976987 310897704 405595954 822700297 875767625 959492033
104676 1
0 0 0 0 0 1000000000
999999999 999999999 0 0 999999999 1000000000
643033297 302392020 461486175 314684770 403316520 768974958
108919 1
865743919 875210279 459849007 709454248 479052322 976485262
182559545 421819162 357391581 389180576 366725790 502915908
537274691 900368869 453800817 698780337 734876671 916829347
400000 1
0 0 0 0 0 1000000000
379355080 819176127 784511487 473195661 42349919 912643186
455115693 22622010 499835353 13395426 190211510 725309107
270401 1
155877756 21108937 145336663 142061015 55606355 195959237
999999999 999999999 0 0 999999999 1000000000
825916 26934201 54246917 161467791 10168576 208361534
400000 1
41701896 17549058 11472287 29792097 29780853 53349228
41701896 17549058 11472287 29792097 29780853 53349228
81098 223614 308789 182679 161449 400000
104676 1
44701572 26045306 81380324 113929062 65310971 122436795
44701572 26045306 81380324 113929062 65310971 122436795
41706 94992 13877 11841 42254 104676
400000 1
60883495 76227607 196780801 357693634 327038234 364379975
60883495 76227607 196780801 357693634 327038234 364379975
325055 94352 205700 55093 288488 400000
88012 1
0 0 0 0 0 1000000000
999999999 999999999 0 0 999999999 1000000000
270152773 46080823 189685358 76934816 67426278 276139435
400000 1
0 0 0 0 0 1000000000
392604028 899468794 898972026 208599827 319214701 940436306
69272128 232717979 87867679 9819888 247288703 311589885
149694 1
255538267 341539474 17637254 159993830 34611611 415686258
168788656 325876872 202209437 89129194 379162898 386084934
29933095 79686303 113058942 59097348 4130191 176022978
270401 1
0 0 0 0 0 1000000000
999999999 999999999 0 0 999999999 1000000000
42203323 54264932 193416237 199470555 97428584 261224000
400000 1
187056342 136252726 75795508 61680493 167199958 190355014
187056342 136252726 75795508 61680493 167199958 190355014
376247 90659 115793 380551 103785 400000
400000 1
69671522 42913651 9950801 37662066 40229622 78174999
69671522 42913651 9950801 37662066 40229622 78174999
228126 247375 296449 13811 244487 400000
339398 1
20942222 608355694 302460002 682149495 25202439 715858514
20942222 608355694 302460002 682149495 25202439 715858514
309516 594 216729 168096 271069 339398
88012 1
60953826 241626260 15208916 143417973 36310824 369440953
60953826 241626260 15208916 143417973 36310824 369440953
47758 51446 34119 55329 40521 88012
368117 1
0 0 0 0 0 1000000000
999999999 999999999 0 0 999999999 1000000000
45902717 92267999 109762 126279309 180059239 192823567
400000 1
299594995 353420256 319740797 163567693 380662397 440859823
299594995 353420256 319740797 163567693 380662397 440859823
318435 349908 352817 10640 354955 400000
400000 1
0 0 0 0 0 1000000000
999999999 999999999 0 0 999999999 1000000000
63452193 77651831 81350809 151819186 48349611 153157720
400000 1
86383293 472759353 131321410 444693387 110292864 691844224
86383293 472759353 131321410 444693387 110292864 691844224
247625 246483 134567 82399 99923 400000
400000 1
265633772 202241338 218220168 38481097 196047293 305679470
265633772 202241338 218220168 38481097 196047293 305679470
280365 320792 162233 131599 377509 400000
400000 1
0 0 0 0 0 1000000000
111546330 49660849 18882138 123612134 65868463 144444438
154294968 222607287 546158462 315792120 136135778 644677849
400000 1
33334891 8105352 25336811 30569965 11682792 48138881
33334891 8105352 25336811 30569965 11682792 48138881
260310 42605 80941 312989 11797 400000
270401 1
224493930 42584478 157594321 59685018 188895749 225885629
148187875 11798326 141491490 90521854 119264523 160804069
339350191 535523934 561001099 133330632 579417923 602986979
