100
3
2 2 2 2 2 2 2 3 3
2 2 2 2 2 2 2 2 2
3
2 2 2 2 2 2 2 3 3
2 2 2 2 2 2 2 2 3
3
692630 158566 799805 222983 298534 260784 342076 377140 483257
215939 203656 463091 657051 540789 523092 961733 905542 999006
3
74635 321963 928685 703 590508 187487 505861 334886 597199
242189 932535 561202 610341 184934 306006 342590 631802 460953
3
18907 19202 19064 19030 18957 19115 19132 19308 18926
19082 19222 19017 19136 19075 19078 18933 19123 18974
3
1 1 1 1 1 1 1 1 1
1 2 1 3 3 1 1 1 3
3
2 2 7 5 1 5 3 3 4
5 6 4 3 4 3 2 3 3
3
291535 60742 222840 266713 77401 934978 980706 982292 918476
111161 807621 163561 418064 880537 590414 45728 850649 793482
3
117931 116586 118265 119421 119524 118576 118408 118630 117931
118380 119684 118473 117917 117840 118359 116249 116786 121585
3
356097 357601 362675 357775 352371 351930 354912 361824 358949
357976 351403 357247 354165 349892 359600 364055 360038 359757
3
447342 718352 992866 572716 547687 590995 262987 451164 958003
411180 255316 614963 105883 530499 318517 490663 339210 961056
3
908378 123284 243192 661963 817611 80928 212036 724261 817645
305886 217912 816244 802869 138462 264002 111142 486781 643932
3
5 1 4 4 5 3 6 3 3
1 3 5 2 6 4 3 6 4
3
50096 38906 96902 586035 702993 75969 434525 638941 100968
20171 907151 676687 43184 19824 27112 18336 27216 870188
3
954830 420562 341141 278275 682088 698955 332695 308451 907897
397734 671367 831725 261912 188438 157782 139945 580250 971742
3
68010 751342 491010 639434 709925 428497 942598 983816 665669
339351 216296 745835 92398 56900 313823 481173 976300 133655
3
480532 491264 402797 259915 173368 638272 376353 306138 392322
843276 426229 128523 929712 753503 32457 560916 823848 530594
3
213853 722324 996861 181940 755793 287774 688017 374211 720631
211941 96525 692742 256756 36662 150149 80057 807691 518595
3
2 2 2 2 2 2 3 3 3
2 2 2 2 2 3 3 3 3
3
2 2 1 4 1 3 1 3 3
5 2 4 1 2 2 1 1 2
3
801455 56377 891870 75613 7523 381484 186768 960513 233774
333703 287045 712775 154359 272484 570719 813633 202322 638096
3
130394 825770 772177 921850 774297 77484 168626 598670 985524
588391 394475 760349 812988 723499 686026 382762 942889 365119
3
768775 392503 808706 890538 625191 171704 138468 218592 474491
571918 740641 538477 64568 412461 166589 830201 925772 404916
3
2 3 4 4 2 1 3 3 6
3 2 1 5 2 4 5 6 1
3
2 5 5 1 4 4 2 3 5
2 5 3 5 4 3 3 3 6
3
672734 789126 627469 986506 435425 602333 994425 917147 392666
951615 228339 686745 783276 1639 711223 662208 450897 107561
3
136030 211407 118934 219075 88540 929785 804378 319299 496712
140661 837194 702577 325378 529759 116296 189296 507552 970139
3
2 1 4 2 2 4 2 1 2
4 1 2 1 1 3 2 2 4
3
6 4 6 4 5 3 2 3 6
3 4 4 6 2 3 3 5 6
3
431200 480430 184210 368915 399479 202617 353504 165233 385699
580278 976585 467406 149423 320223 295447 950429 186851 126847
3
305621 848056 102362 627545 271039 511203 904187 574794 685325
268104 576924 355912 256533 280092 829106 118136 217861 58857
3
280277 941154 110898 979134 665653 216018 451062 27447 284385
189271 800122 541575 840488 49121 156049 561245 79023 487268
3
2 1 2 5 3 2 6 1 3
3 1 5 2 1 4 1 3 5
3
880331 868969 884127 874963 881791 867548 877058 871169 872401
875007 879483 874951 873457 888645 874936 869150 875458 867270
3
323000 327466 325525 323198 329901 327187 327884 323080 326536
324955 326234 323401 326770 323104 326757 330328 323436 328795
3
725199 177061 828643 677448 376910 197580 563439 618955 445522
982172 405936 388222 529760 238778 184225 264285 290138 116134
3
196483 196761 201604 202553 198968 195848 197818 201235 197884
198953 197553 197958 197451 199192 198633 198196 198151 203063
3
3 3 3 2 2 3 4 2 2
7 5 2 3 1 3 3 3 4
3
492745 498660 493735 483162 493797 492799 485294 494484 495222
490430 494881 491051 489344 495179 497146 487559 494085 490223
3
677565 661279 270672 590397 488448 813594 800757 779305 304524
154715 306903 883419 514097 58208 594965 454496 135007 582429
3
2 3 3 5 4 2 2 6 2
6 1 3 4 4 2 6 1 2
3
662491 989872 58320 506759 931099 279 639405 886016 114104
294548 11479 562772 361702 330047 625983 680007 312804 77769
3
122092 124105 123732 123787 122034 124888 124268 124092 124596
123934 122870 123329 125208 124985 125150 124274 121532 122315
3
275697 236627 748787 681752 582303 867161 575048 136497 657925
585776 102449 920783 760958 733463 877620 641044 373226 86691
3
49956 549589 229681 627915 606390 898578 995020 648748 193703
594177 486056 381505 469856 929585 93953 854075 799216 323408
3
886091 871812 875101 875349 866449 872740 881817 871849 872920
871533 881447 875253 873418 868824 876779 865959 878859 882052
3
1 1 1 1 1 1 1 2 1
1 1 1 1 1 2 1 1 1
3
172245 987679 864779 447328 3963 232736 103302 858968 159887
800302 64123 123079 211364 400186 333319 244956 97235 103122
3
2 4 2 4 5 2 4 3 4
2 3 3 1 5 1 3 5 4
3
3 1 5 2 3 2 1 3 4
4 2 2 4 3 4 2 2 2
3
2 1 2 1 2 4 6 4 2
2 2 2 4 3 4 2 5 2
3
772486 781294 771624 780926 771914 765860 787422 790019 764041
788701 768561 780666 783825 771477 763741 781834 776685 770097
3
354094 358970 349257 355358 357164 356365 354078 357072 358173
358537 355317 357572 352907 353571 353369 356796 353752 358710
3
7 3 5 2 3 2 2 2 1
2 6 4 2 3 6 2 4 2
3
804442 800587 808502 802276 785468 809255 808404 815139 801898
802858 811349 794030 805833 794830 812303 816433 808959 789375
3
5 4 3 6 4 4 3 12 11
2 7 8 7 5 6 6 6 9
3
33605 33121 33247 33137 33053 32994 33145 33224 33041
33016 33085 33456 33181 32924 33523 32891 33234 33257
3
342094 340798 338782 336139 336210 340603 339299 343985 332920
340246 336898 341852 335723 339579 339866 342135 335713 338816
3
59265 762833 421454 3289 538600 345271 676478 927351 807411
697746 277059 587364 743583 746393 869774 713407 528994 162591
3
605157 601069 596936 602542 599976 604860 602584 598770 606824
606429 601868 604715 590536 600426 604258 602741 600828 606917
3
553126 559547 554109 556281 561659 565522 575620 563202 563548
558685 560074 558557 561969 562052 565248 559428 558417 568183
3
221071 220177 217517 222182 215583 222717 221407 221249 221723
220653 221270 220509 219880 221717 219815 219416 219876 220495
3
1 1 1 1 1 1 1 1 1
1 2 2 2 1 1 1 1 2
3
1 2 1 3 2 2 2 3 1
2 2 4 2 4 3 1 3 1
3
237224 235755 233592 231496 237346 230167 236969 232063 233505
235730 232979 233674 235778 234456 230943 233918 233592 237046
3
547702 619862 422273 412122 477316 298914 234214 85150 458253
299856 655044 514974 796181 915354 565044 744669 560268 721336
3
169917 813326 310285 628463 426217 544961 635411 40781 676293
850771 878944 314881 63614 328442 567822 843154 339018 136890
3
293266 35462 520350 140874 564929 270096 571175 969537 417376
919791 164591 850483 683006 288469 232712 490504 570047 620342
3
2 1 2 3 3 1 3 3 2
3 2 2 3 4 4 2 2 3
3
739016 883674 501220 976617 472292 139281 396569 630530 977186
204636 508325 137070 897674 488211 344656 918195 145121 53784
3
837706 339647 199891 100621 293287 205467 683678 739138 845890
617289 884303 945525 615857 559636 531768 215951 105515 886059
3
141949 141627 142489 143465 142310 141243 143353 140347 141660
142119 141845 141543 141776 142321 141585 142294 141800 143154
3
821133 90588 146586 200516 835398 382117 481622 796764 850001
380779 670762 174332 90013 943769 982715 792417 580512 108338
3
881484 464822 20919 298733 594014 603135 499718 137892 989034
900139 818289 748828 533618 771170 719190 472444 480870 929517
3
316079 84917 438338 223215 491534 592762 954553 203270 152299
244609 944758 317284 201608 587886 336646 851395 178655 585288
3
11368 408397 437654 599255 404633 94288 434386 647251 168399
424461 1165 999708 698114 969726 33470 296937 735750 427468
3
222715 222098 221556 219426 223997 223351 221612 219235 221355
223371 223139 220999 218789 221411 222380 220211 222086 222960
3
140647 136044 449117 373226 633276 495405 819870 852202 968675
242275 352449 594973 147807 974842 777039 66647 534947 439138
3
106777 383972 538074 471677 988369 162016 881825 789430 718840
3857 901064 308045 60247 673410 384824 914804 838599 427191
3
848514 395720 739313 118454 134297 308232 858983 796151 361295
968529 90728 81793 490754 279271 618819 839081 730157 912492
3
553340 517256 642983 186675 4799 367387 145014 26015 42290
100394 411359 114474 645551 864772 975459 157020 971069 406980
3
2 3 2 2 2 5 2 2 1
1 3 3 4 3 1 2 3 3
3
698300 886058 24687 147437 44103 362658 964443 757980 155049
119299 674480 178701 822513 615002 208636 243027 985267 891228
3
747072 852304 307970 434246 647782 209748 481962 562535 896521
476030 68000 27326 482965 722019 742314 378972 419558 568900
3
9 9 9 9 9 9 9 9 9
9 9 9 9 9 9 9 9 9
3
572255 576006 575548 573616 575509 564692 585425 565840 582255
573207 578207 580246 567821 577644 572056 566197 587208 568560
3
3 2 3 4 3 3 2 4 2
3 3 1 3 3 4 1 3 2
3
232372 155487 374586 872808 739011 453814 642727 581518 827363
179873 136183 180577 1034 946588 893088 494516 688399 87159
3
544004 547620 541969 547158 543658 544078 540657 537893 538894
546581 544771 546439 547977 538620 543176 534916 535827 547623
3
2 3 5 1 2 5 3 2 1
2 2 3 3 4 4 1 5 1
3
229166 569672 527407 405817 83247 626836 126352 625844 685904
612894 367715 283872 758312 493009 327131 940679 47421 501426
3
543355 482220 935660 18814 792816 351518 177626 846786 929006
753911 136459 648236 402304 924237 560585 190689 920599 542366
3
3 6 6 2 7 4 3 3 2
3 4 5 4 4 3 7 3 2
3
384023 379825 385610 382984 382632 377906 380838 382006 381683
380628 379659 386568 385907 386883 378772 381077 377105 380909
3
370177 44775 188503 314086 303411 228936 607563 407467 646460
957672 598330 435504 786852 502921 133759 378413 487152 292704
3
564813 566364 573872 579152 570614 578870 564761 566133 557483
569735 570574 571125 565099 563392 562401 579779 576497 563461
3
2 4 4 5 6 2 9 6 4
4 5 7 3 6 4 8 3 2
3
720576 625081 377746 252053 109552 973209 686100 34010 327751
549714 793827 857858 344186 282161 20903 360217 461636 241157
3
241246 244323 239808 240215 244633 240766 244101 240739 242047
244655 239857 244851 241171 241995 240684 242201 240875 241589
3
2 2 2 2 2 2 3 3 3
2 2 2 2 3 3 3 3 3
