100
4
1332
4
9583
3
616
10
1029384756
100
9954439047949225365665869655000304125385264853794242078653477487035893752123198247011483003012254278
95
21212222112221121221111122121222122112121122121111122211212222112111112221112121122121222222111
92
99687999676869968969877687688679798797979888996668668988879896789799777678886699997876769897
100
4327411726716732527376643122545325376221266512133635112663217161641223744437514163655247421666542766
93
784288418672624772345549873716868863152769171254626331721692341822498648927183261921937275995
90
854136888181383754574481413176363564375436767761822776465573718164542517235587125738212338
96
344434334334343334333343333434443343444343334343343434433334443443343434444443444334333343444343
99
544656455565645465565446666565564455445445656664555545646666656454664445455645556564654465545564455
99
532143114442521434415345541325135441525125143123514244113214225152351452112334531544155133255421254
3
211
90
537587577866735364658475434377573348744553668476634888564763758566645756345346543838534583
100
6457578131573746656613836118278623856412552461326361348824247536826312761681747448358711663247678683
95
62456204330256561055433036453243521332035515214256556352055650115630325064034053522026210462520
3
011
91
7666777776766666767676766676776667777667776666676677766767677767666677766667777766676766667
92
45664497976487697756469889959868655985778954984554865496955964794489599666486588765695758966
100
9999999999999999999999999999999999999999999999999999999999999999999999999999999999999999999999999999
100
0123456789012345678901234567890123456789012345678901234567890123456789012345678901234567890123456789
91
6485824718231823528255176565542137434347786821644345117381787851622713687527834865727576332
93
276445234546372364366655626767457564366777276273746376344234745537673426743254232427777335437
96
788887787787888788788777778878878788778878787887777778787777878887888778788877877788787787777878
95
04432411065345135020550620055153306302422113433645411410531643046261003443531133521435062153226
7
9000555
100
3323323323333333332323233223233323232332222233322322233323323322333222232222322333222223322222333332
93
979687887666876668688977898787779998778686888886866766689697999687689779969699976869896969797
93
555666555555656556555656565555566665655565565565666666655566656666666565556655556656555656556
91
7032712251324245654352474257027740414024773266141337747775436470320723355363564075572251324
96
565656566656655556666655565666655655556655656665556566556666556665555556666555656565565555665555
91
4856845648884945449949546796669667465596946668984698748556649954575584568766476889564877978
95
33423432234344343232223333222344344422423342322243442323244223334223232433343432442243434433433
94
4534654654354456455446463453555345555564644446536666656555353356344344435446333336565564345633
92
47544447564675664766574576445544767756646744574445555554464757757657464666445747567656547765
95
22909241317620982624749399816736728494366246124678457101538235115276114043671258829746576103826
99
231311133233231123113222223331111131213123221212212122111231333113231122133112231122111123113312323
93
753386432434773854563454585732585452357624756373635437484475865248723258677368474643577673663
99
645545566565566565445664554464664564444565555464446445565446546564665544565466555544465554556655465
100
2303132002132102312113231232010000123133200330030210032231132003131113001100332303112211322312020221
93
862280252482475203060650580111883446236211800620215236574746232510353811385768733221855522340
97
8988798989789979777977999998797888988889998799799987887779879779788897798999997988889788898777998
95
22324444422332242244334322322333434343224332324422443242423243422324224322342324222233433444224
96
010313301111023232202311200202203110001012322031133002122110030121310002233132011001212031023220
94
5922227794888675956854528644349637322365542353889856558443472686285327878636342735653336597527
94
4262595499627648762592632484423476436546648724998575563222444258864964567482789483325525944696
98
62542355875272457665537762422567745477533478355532846323547425677368383555547835558523536525426878
97
3584673468323668635864477434252753642558383226672525525348864586672454548236834747825357252824422
99
364122366634453531446536566436612146333136131366514424161433463431113316656656661516145166624121512
100
8222564983454351942948753192859485844431792459558947811557689784565481332489585385479838253771164889
95
00110010001221232103112131010231221002213013120311230111230112000123230030103013020320130110130
95
55654223503357502373232775256505645460100575472471254422014737063470045003373603555062347646437
99
332233213232331331111132231232321133213112122331212311313222231323231113321122111123232212323123212
93
875758677779495486499896684649799499588949684669555865884547978489577898944779949568956977878
100
9997878997778987797999878877797879898898799777789879978899789799988777899999879797999989997777898999
95
32122323123232231223223311123332222322121232321213231111122132111221131321213313331131311312223
3
001
99
968565994959658853355536669367335349939658865589383688656688448897869463788833857847587364336654743
98
68786888889689996677688978898676967696768896687786798786969698879997899679969699879867769776866667
99
122212222212113213312221133321131322212131223231112132112133131213122321212321222122131323111322231
91
5544142144126945789633892915383632623828792632828634655573453172935333323661312791349942322
91
2333234231212123343341143322411423342313443343421343213214324244442133411231123422333431422
3
110
92
23222332233232322333223333223232222332222233323222333233332222333333232333233323232233323332
98
23322233323233323232333233323233323233322333222332223322323232332333233332232323333233322323222232
94
5852272857326785253388648448664586568876368827368376463466864256438246852368282558738277625285
5
19091
100
0987654321098765432109876543210987654321098765432109876543210987654321098765432109876543210987654321
90
938260993042300023012000089774310294838812593334051024539733968866055576136052286930136600
93
177872444604409471654828394203812230773853723238348068994712436027047763783465171778066414136
90
786579784548784976769569975548794854876496546778699945668575997879447755677487569944464697
97
5113625651211138383463162556716233477347351864767244364682154771612481888726535835783654284545363
96
674865998854986675849499798784448886878657597765795755686757656996774655599954695856969988556944
99
111110010100010100001101010110111000111000101001111101100001000011100011111101011110100001101011101
98
66666878688766667678677678868786766887867878667677667688776688887876678886878667678878888888867776
93
420243042382133768735861864442875026633275410844016135060217156184307304844102865151618768225
97
5212226623144664653366413312536663245546534116611322311431641142251113612546646322144456554331446
100
0000000000111111111122222222223333333333444444444444444444443333333333222222222211111111110000000000
97
6659332237252281450165901929876861831327044070096463990914514365819671474796880626035164096289435
2
01
100
2219678234512395621842336279342441335489696978668571715125282841172626181159642762237134114516346937
95
66645544544446656544466666664446564465664445464546654466454664655544565455565655546444445646645
91
2865171196434267888631143721324982821443653362954899125971849859729978327167721962399655774
93
814382485513626535628447477855462811876867432236848636867583624512172114325645555744862141431
2
00
15
222229888888811
100
6671703835465763080258701306577447516812524151871834380837733317627248240463802766600347382663470013
91
4362343335315435641224255451621134125162155526424261254262214443616121233114521456512124234
96
667565667577875786785687586856587567556867877586785658666785788576577566878666566786685877678776
92
22222212222112211112221221222221111121111221122221112221222222122121211122211222111222212112
100
4787895888479968184921927277865544186759666954238137764856195578678642465118467992558788898982358637
99
301121031333123020032032213211202101000132022232211011120301010100302001021031230313313232111102101
99
566446562414363324261645666162463456141665663162331442455252565466423423323636165111461355563324433
3
112
95
43754927195462229888846302745564376891277030897872396716772849560509148856042755924570563892577
2
10
99
686835852543888847286487645566322463277624568577584522383885252354386286378324767252837228756447685
100
0000000000000000000000000000000000000000000000000000000000000000000000000000000000000000000000000000
93
988789779779888897899989798797999779787789788999877998898899887778778977778898978777997889898
