100
3 2
1 4 1 1 0 11
4 1 1 1 8 11
2 5 0 0 0 11
4 1 0 0 0 11
966 959
982456428 454325218 619525736 882615694 459973601 199122268
909184073 569508064 702074322 766089588 721728894 582843930
377803458 569151580 772507838 192516551 604661953 105822761
965723161 791691363 843407861 259081619 367357831 158837499
986 989
631461950 52282518 41446830 106696470 474787794 182250407
2398745 7573648 9749579 413660 9870752 420162
835301658 139486146 214563763 331804205 703245838 457042478
6601201 2509410 683004 7456851 9394071 6707919
950 962
356317345 658137499 329157813 944540839 834248460 660915789
3497803 8691170 6589990 2264028 5496120 9788548
604355362 800038143 55228891 163099425 957886407 167459431
257827 2496944 110505 7008049 3776363 6718243
966 969
511262474 464374593 766121760 245362281 646762664 250391122
3520983 5994677 3235536 469325 9555922 5849530
231263671 95428785 487923478 519978610 357240919 498245555
3074626 3250546 4779679 4168174 2708720 7894717
960 970
910933035 683114268 563597172 872169328 719878431 392127539
6497254 8434006 6590826 7182341 7070361 3267219
153883892 436101316 521719418 396442882 304691837 182077641
7694341 4221877 403327 9603448 3654109 4785954
986 955
17900882 349182989 746259071 683467573 91227980 511615145
757519317 833845912 742837602 502529809 533648151 698580391
922732099 364111053 108270939 916108808 703667103 882690350
798149626 542580042 243252368 552022113 457420267 644518631
983 969
268362882 389033940 507616061 753498493 867527160 172016148
14292117 298125712 113197432 507986031 434802157 609077962
473063305 598204019 958787140 930580339 609706729 548399485
233572136 850830825 887389839 68635284 463938337 218118272
954 972
188074096 389563439 414293116 308862756 881435524 24621587
4465617 8439574 3277733 4724629 6352976 6160593
265099366 465399942 258484935 501667903 427913864 170739512
5804804 5559546 1193942 2708810 4412058 5564669
952 974
225776569 746376822 409215243 480326993 82096736 211931043
7490924 7886805 7972557 8959301 7166367 8177257
750292869 289373109 782792831 199326073 871072139 592419788
655355 9115377 3375190 8607172 8165517 6382020
971 973
662625204 360683440 781509489 441892279 771402900 915085825
78753 9594305 7185964 3207921 599051 1905687
761958157 51143346 609744147 779578436 621518506 51821756
8720980 2289185 3419490 2828351 9353889 2330742
987 964
99229306 430098846 266187135 742654487 280673954 155352257
634440982 326871676 751776414 471863650 761092510 395285319
415127153 859977554 138118730 619333751 650918795 352186161
232255111 239849967 199419095 523493410 968727404 311906117
970 978
7491 2846 5296 6601 6920 3912
1316 8468 7996 6534 2588 9316
6276 289 2555 2141 4514 1145
8484 7595 1684 2753 7745 2568
1000 1000
10 20 1 0 9 100005
10 10 0 0 9 100005
12345 54321 2 3 4 10243
3 10 7 9 4 17
992 990
58694178 226337402 520393133 839778269 320398174 308747484
757182633 656566463 268047421 870051662 996271158 305836473
615938345 209945733 72079127 246954767 382250473 928293851
820704704 269936185 560246988 462231421 580460478 310345615
2 1000
99999 1 0 0 0 999
99998 2 0 0 0 999
1 2 3 4 5 131071
2 3 4 5 6 262145
991 962
644 2635 7885 1221 6094 6137
2354 5027 4060 2466 9765 5465
3098 893 5195 3873 6919 3430
707 3368 2768 7098 2908 4436
993 956
382593157 656502173 276009375 950960 450561661 842077693
109242390 583035893 327484914 425631080 781571947 721232980
503310151 994012112 144318425 638200069 703341762 436523848
562867042 626326049 189566760 274817344 725728538 286816650
980 968
617302716 47723672 972850935 246086092 420586172 752375121
594049570 514626475 185965321 869056524 723315129 314152942
383943327 451271326 772766271 59553527 139341910 93757691
109203450 669535726 701022891 70835649 234756882 144168343
1000 1000
188671750 5708577 297641350 284844711 574271738 118086714
824593863 763707677 57007738 574732177 589541644 542020106
860061359 450568462 0 0 112453428 80242274
816084777 297218673 543278702 987023758 336783214 821418020
985 976
294761053 244419572 548047087 221529441 855810316 182626193
2166558 614734 834833 9300745 2251540 5097603
500666305 46022128 319982280 830439324 851035021 720968024
644952 5523992 5549535 9441605 4687062 5018645
962 994
891870321 25761970 916616505 279536036 616819605 570673258
461388820 904492005 341286399 448423563 943343786 850508708
396513823 955794531 710282676 361960914 226082429 13204759
347851098 225758887 576400006 360947018 140438296 767501937
982 977
1914 2992 2473 9584 3350 1980
73 93 26 9 4 85
3967 1039 1358 9434 9372 8699
93 5 71 75 83 13
979 980
501660230 41974486 904822335 563305785 877260920 719711224
4838631 3841778 2860014 3663804 142923 8977951
754593493 455272818 506550407 15859173 132520656 347455780
2074937 9022028 5742040 435065 4141416 9058459
965 958
8027 1808 1881 4710 6051 6862
9807 1188 1977 1902 1434 909
406 3719 233 6389 5422 6810
4267 1479 5402 4156 3606 6888
987 998
819398398 405366579 444236353 364228920 257225124 130759334
6550678 6065690 2839688 8829147 1287903 6836391
968614245 228000936 208473820 823417925 851347834 295922507
7990991 5205713 7253162 4425662 4366117 3789727
995 996
982085733 647113625 909273004 974806900 95749880 839495150
46911101 116873785 438399433 360133382 444118631 473224510
440038192 516463181 632841937 34990019 33565900 220308548
665575052 411733053 93512671 105464841 414487528 330195193
973 983
173468432 787066565 694895216 227107824 513296666 647710148
655323877 284726204 918817301 892675426 926172936 406488961
975197918 806318759 444650982 806005243 190833323 39058610
772521794 823590731 532625315 141891504 234416172 241230076
995 967
847266847 224871402 469780790 372435337 217996253 194360025
7964031 7688165 5091252 1744519 6459833 2960504
508426082 29297466 813080709 858020856 513771010 991633120
3643384 5980146 9592225 2340139 7355336 1992400
962 996
853 3717 1312 530 3227 8586
6872 98 5294 6384 3095 8244
3602 877 3603 8733 7602 8129
3878 4614 6479 9045 4955 4551
967 988
571963314 700991178 15969914 837124621 972272162 492648540
8361460 3777973 3376377 6853701 3769495 6493715
228152809 529841584 817171735 934774712 330878164 785394462
5153552 9333587 49541 3634104 9939970 8629634
971 980
905850127 208658248 959885627 550992829 969153914 287289224
3823869 4312649 9615650 443345 2159717 5733293
92444636 108375444 785354192 271399457 154547813 220107757
1023133 1175664 9976302 3004032 5035325 8668999
980 970
690816287 814265032 117091067 164171435 757575231 112837502
7909884 3510097 2430597 4290046 7753777 3795655
248365156 502504034 131644391 594792244 508882683 190117687
7406089 305531 2376423 4589225 2907152 5255240
969 950
288563666 130290647 537278267 62808148 343683692 680327453
539319897 902574910 105551483 199741828 143709091 217076844
587759303 496707339 82078292 529850059 699255384 490445848
349523220 617133869 567616777 936346608 656364887 207712529
995 999
552875266 555853369 895158694 951893456 821609293 997007950
787031632 317066198 39480420 243942787 267108577 629958162
588462259 318419142 161368007 610882029 202964807 329070248
326702258 559525009 280408478 217095788 122161636 94781861
996 994
542116437 112404563 957206801 802226060 135468248 209022442
923272186 985604483 44846541 490928717 669178985 866759203
236713752 702928510 167511241 982658358 599807433 453397072
168482384 303317794 905565823 762348129 15607017 708110555
996 963
104840375 615561359 416989092 925141449 130247676 630302006
365397179 665841446 307111071 151187232 819493920 869678603
786990756 469019108 989486900 377282179 854198860 44060104
333001597 501642592 499637592 164691226 198313732 483329224
978 971
378521037 808992083 148426348 113376460 140057656 924141367
899147 4095063 1847787 7469258 4708280 9900561
883965279 813047903 64142178 298676856 732409207 793615958
3420635 7161567 510509 5383479 2054029 9952319
960 981
845850932 494586617 840753768 80852329 173063503 647740069
581630 3121188 4340793 2819067 9569937 3915017
481005109 192850839 756160498 905693715 914622722 186630267
2330466 3741105 8134444 6136566 9959594 9791077
958 977
725333433 67257461 980660036 319286904 91488833 959616415
8625519 6060201 8857651 8898440 6209735 531295
573235409 538507886 252883481 228984198 393442690 902494859
5022053 6655801 8486938 3600593 5964226 317045
971 992
312912560 762443204 432998836 950533268 729960571 557176488
9173370 556516 6139163 296819 6713423 4873541
3442389 961593176 558406911 339611303 754792381 785847269
2318821 6404204 7810002 5635502 5651457 6495584
966 987
384394567 647344981 862245956 39859163 227175156 859018174
6452337 6502683 6559191 5330142 8578096 7798156
656349952 735018579 864999139 98251617 901383862 962620347
7544627 1306177 4083385 8596710 3057592 8111271
970 979
329560598 797719932 738883071 201922005 763412678 648128164
100086956 66470691 675689746 563889721 803391112 663945930
757765051 974827838 799061308 705852948 175739365 62958222
615674541 404849355 619001081 453235849 993465104 407596837
1000 1000
1 2 1 0 0 1001
1000 999 1 0 998 1000
1 2 1 0 0 1001
1001 1001 0 0 1000 1001
995 992
68706918 491827078 384721256 509247208 725725971 36440118
8896536 675930 7015660 3211021 3746674 944892
420748483 519680414 136858151 867214303 912106723 516016247
7390061 5193572 7309508 7189450 5873310 5240914
951 973
643045628 606967549 368428751 914620104 400459686 393438482
1533062 3518327 1557620 39450 1017580 1371846
137833001 846328061 991387208 226296463 144481862 146130433
5828819 336171 9188065 9793301 3643722 3899378
962 954
179089609 265659374 464178157 978756215 195010633 66318774
414497602 211945749 348344289 564818635 543054289 49665727
309347749 202073700 829405400 706779714 474813330 710430507
533240019 660828403 210783265 518814330 933656381 55978919
999 956
211870040 148542116 738785448 555954836 31275203 832517386
689960300 830154104 415569899 265892196 20939959 542261118
365012462 659319974 260035043 48870014 573956236 975439110
921834672 595550114 913776899 275988065 342329013 130851415
955 960
7061334 772629004 787374407 368203377 392772279 956018514
85596420 37927313 777262230 568664061 266789758 234964747
198795273 279829814 277433345 993964842 745044447 77938971
318308895 626901427 519783135 88142708 152221495 176209825
985 970
903863345 70644608 222532298 719673088 10645571 592704994
694796447 854691168 328136692 769228745 125660397 294276443
438020032 655614004 971310848 872931180 789860614 271433640
853648652 22292906 261786131 264427002 633952556 575291671
951 957
514159579 647019986 550905155 442035237 350832698 384391913
4855202 7313871 2978332 946217 8029860 6910090
690405992 923102324 833405959 612902759 637641133 730896713
9341822 7437262 6418008 5881856 6586927 1102375
985 967
582476894 336851410 415299515 204149468 16617684 494955248
806049645 638269013 561208710 641979339 801013001 888240611
765722763 986254596 919436855 462904874 99298090 771813289
982657201 823479627 70505725 111873999 326598188 630054603
967 989
249526306 760891536 390377132 275716716 983488345 334656301
9944907 283740 4496271 288094 2718064 8446762
235209330 329870596 714959148 116404282 954465886 1786318
7859932 6053401 1962314 5348801 4938290 6426659
981 975
979422670 432784068 70832100 863132062 950527972 396445197
2616519 647393 1189995 1119967 3608419 9070006
238823050 624088128 940112305 56155998 931113119 94169367
9837433 5866235 4423693 1670313 5641517 8890478
982 988
498969233 552380579 955745816 502598355 641054923 228767989
5649566 4248602 486701 8937607 1350569 748167
129427147 13890945 131490102 769909438 738058655 459337988
2415948 5501202 766274 7823364 4083035 5946999
991 995
895282887 178645538 936124560 889964476 169479298 108099220
7023729 4687185 5762583 8830096 9697318 8094293
908658500 477127587 877079298 558513639 418606094 347782337
9820497 8796357 5518515 8457831 4849062 2932669
987 978
898019619 881391848 253403518 472397586 509685859 425144850
6306269 9703917 1419971 3275597 7989492 4188442
977952990 451362150 209605075 307986874 142127918 63341867
2010445 7885648 5723684 8998992 7787855 5602058
985 993
5645 8478 8728 5690 5224 3510
886 9266 776 238 9071 8106
6500 6605 7525 8604 193 7749
679 3581 4263 6287 4104 4898
978 992
428267064 272602635 133930612 919150758 377645123 344971078
518173055 416332709 380953114 705813719 31648613 830294717
199684145 564775740 533712561 676869357 246676745 846852695
354397442 704335639 923532864 526220697 613801695 368793120
983 996
621665221 91214437 505359007 567536380 745494167 686402411
4690267 8030025 6309479 920691 8643697 6768601
736789750 611229838 893661536 737801783 276728745 735092037
9051586 8952030 8728152 4584256 3620888 8665020
962 952
731374019 444800283 870756127 127172762 803171559 536161660
7620776 8430000 8561650 9234401 6330931 2707179
275758215 938178592 13280696 474266436 714982264 756460911
2451672 3688958 5652810 8731191 1748265 8080584
975 994
465 148 9512 9657 1019 8692
55 47 62 39 87 36
9952 2710 1861 1085 6888 8007
6 17 48 60 63 33
992 989
120033735 925986442 908561443 344879926 503800524 946871561
9571869 4145985 8454390 6764879 4932658 9872427
73340260 166218247 965555160 631537120 107963702 44076872
1158250 2571837 2592441 9409385 1874530 9238704
981 992
594627031 607095244 359186806 508132117 856925531 164323162
3163990 8821071 7303830 8714209 9757472 9568041
694351925 3882651 378206370 829072533 648636630 151720180
9147460 1936623 5213772 7961551 6697805 3075781
994 964
788767121 77087333 203278681 932064948 428687933 987774296
8265675 7911421 1694587 4788572 2100556 6418833
42317325 156189380 208356011 549492698 823124948 613106955
9707829 6995705 7672250 3360439 5563039 4231993
1000 1000
97757432 84110822 628897545 693463948 957914468 825089773
763685683 864317279 879535309 735020961 839663565 817816847
97757432 84110822 628897545 693463948 957914468 825089773
486279783 481768911 418706674 945199424 556237449 966152713
953 956
378799203 537485665 720905023 706072308 368002882 581656917
1950274 3495446 5087333 2879043 1822732 8538352
877699389 996727554 507932961 214561396 22739993 256367865
2646760 7264153 8644198 2552628 7571829 188674
978 988
646254716 701668832 64113665 862549892 663577185 223370564
402785 7023283 4430099 7824116 6964401 458663
183070242 677415175 678943003 803132012 954594748 381953478
2227186 1733702 3186543 1238828 9706177 530732
967 953
722068493 854078286 256489245 464482377 633193464 10319804
984001609 959781628 225207420 686206046 842691631 386651475
402313124 350129649 531923243 912157970 386513669 713693606
892806448 854760239 647501463 462229624 13103590 389508854
997 966
535162694 790325923 428952493 596705251 676431789 799694144
5062335 9125595 7718554 454350 6769236 8328015
820798903 454683216 370240268 266168955 763405197 702369694
5150246 6530907 5574252 1475980 6595217 115048
986 998
293942676 48436888 571584107 380873981 137398461 585426815
331076507 911492402 264248926 877630561 382770378 546667997
483761898 629336054 789066297 503113275 78792403 805879491
107763898 32271354 418410847 209980681 454937871 547085015
973 984
320794080 630459086 386247565 859392284 861639271 196214187
4912920 7365645 1766477 7533080 1907538 1313907
555053291 576799291 531362299 415975647 801047616 742123614
8482422 1558770 9580935 63774 3185528 2954822
951 956
17593010 770227785 17764092 338684624 291415549 204998809
6296004 7945779 5997962 5196110 1953194 8119058
822462269 300816426 796521469 497695498 653505033 574178489
4784689 9027353 9855885 6075726 9398510 5518399
994 978
340174166 111890410 244383415 755223843 310860393 494528127
9208846 5560599 9494130 2887458 47914 687680
52892208 202867085 328469180 749179280 420302273 972172056
300453 4732320 6709863 3629920 2967116 2672286
966 983
308538156 416651898 750863628 879526164 184118956 876153195
24971285 405514257 587030373 403384559 494813131 805142717
101161700 300661917 923109401 30706528 967518467 833291232
509463090 365426136 453528732 169177505 638655676 478128233
951 969
374484100 495416817 982423057 814070908 671014219 185588447
629169 13715 2494948 2966603 1452008 9554844
871552487 945296271 332415395 576493488 424067286 745283817
6414328 9292997 5576254 3481194 8600301 2538460
971 954
216459349 669754297 179580368 994238739 162558917 490492442
537668359 850842150 394619588 835939840 183582080 463577300
1196089 464075823 527811716 336101084 110042642 377648710
39485865 623533946 83365966 397256200 715905481 631236740
958 981
635917371 537591538 766005886 644842765 851911704 782790359
634104024 967611520 964088211 980838614 310595878 306397764
655246418 821916894 355697317 956310478 686330533 293500990
378629382 233227807 789548906 853189974 826512893 675007687
1000 1000
743572698 221339227 106698784 618591795 475447684 544660860
814714870 900627605 633322325 649700198 513441185 940608095
743572698 221339227 106698784 618591795 475447684 544660860
814714870 900627605 633322325 649700198 513441185 940608095
950 995
12372992 101504444 27680855 179578120 653305280 893664548
102702066 45643559 993118596 470168403 734699516 749302726
501787842 17135497 271820296 404530045 624768352 691526920
24148827 161839925 682526698 749573653 341689596 391928564
986 962
654816450 431275843 338984110 330534649 997377543 410460818
9580258 4061566 1625720 956645 9175506 5741874
360760678 99446876 144950178 361571130 759499165 26412277
6154724 4665434 4451327 1350348 1358703 5330950
952 973
6768 2225 4621 7267 5821 7943
4099 5345 5840 6366 348 3448
4099 6470 4520 7385 1280 9467
1291 6323 2934 8361 7336 2921
965 979
808400928 463469434 347938062 925106161 807991768 490156061
593532156 622398443 926318167 333078704 289289469 916241463
249833909 161848793 363448058 702842200 523612190 47695814
453914754 131544128 884780672 979544080 353389019 469530790
979 993
619876666 535069074 506949957 285473454 312317150 918773010
853479 4799867 4012723 1074989 2618981 5615718
777329804 535071363 185536659 817068557 955735300 983138802
1016653 3540962 2750043 7248663 3817543 914629
996 961
710494334 601525830 595332761 882663301 878366805 120021724
317232677 967205622 241485050 139839699 635075456 266386980
160634027 86640566 94198483 198318630 287557771 834350178
303650979 717616974 756022574 475971930 404800626 763509185
955 957
723590449 787937359 597211102 707819912 334435827 34982782
3800744 9225987 8403656 6624647 6562766 6820683
290371620 111898196 622971626 251633725 317702837 280389044
8252619 2814790 198378 9375514 7494059 5307218
953 990
412422429 964270028 852963660 501710099 394204256 459402439
612514986 602466922 205006996 603189456 173153399 436211131
51445181 80431619 69376991 192204826 470826110 486461246
996069555 917630864 933618250 655113367 903030957 945872527
967 957
15536706 784133139 156836035 802529703 545146902 475350635
602124089 587335922 389444789 706310375 270271650 781932785
454752163 323011108 846278292 643650681 753201805 772118614
675380062 516998520 30203516 36421853 732965974 163752003
957 995
153985739 304571790 291179535 508317243 85550602 753387523
609578624 479326770 438298161 138993377 890234061 551009947
775000814 744966829 944917372 244239445 942095188 167737777
655327530 81748437 239858202 41496080 853481965 608376454
971 1000
215088642 861063076 360222342 443483035 829490822 694196672
637724838 341400521 693334643 880509442 833774490 689624810
815755598 227558530 207185814 929529856 23030756 210189362
25531078 423350155 908279549 711775392 425904100 415745890
1000 1000
1000000 2000000 1 0 999999 1000000000
500000 501000 1 0 1999 1853081
50216 514 7 445 6737 998500201
36336 33663 63 36 33 1787783
993 969
413661507 292278624 518093928 745666644 332622542 698232986
946044821 919436113 222764419 170021961 14204477 953834392
6265328 566285154 435937536 168937048 248487071 579750532
30754548 751870794 577125927 529930264 271194910 929748863
995 961
443131467 36488888 680860966 704565689 780918877 601415509
532425913 273026490 152056274 668679979 726443900 26061890
964102564 548399245 328897743 856376908 555148145 632670166
972115862 378848029 221083325 826248733 496937253 404948795
977 987
401813278 192169131 124191289 861404354 418440248 407410067
800475366 972493012 711726286 916054928 690288128 965085292
811920645 124101756 442340740 219567299 834674621 491040423
683479771 359008890 202120319 891060 639647779 800711106
960 976
237313908 874383140 385859911 839888299 139688034 433723583
119239233 380898679 461028719 153333721 441507746 813947135
671001329 597587355 102137713 947526152 525025883 846820869
860388687 72593735 296071276 34730890 242810785 780159738
997 969
955486772 280770717 305235457 660470005 850483576 542518376
153911 378512 1782579 3339325 2713121 7418676
356112135 131799575 243787856 370651144 626499956 803738170
8713265 7815013 7507130 7174543 5749636 2257071
963 969
344877295 979667887 398278351 602989269 603075514 606608058
2739157 9788183 547739 5200526 9623275 9431128
823380667 53171002 886597623 475229073 688043494 700429563
9986599 5874240 3512446 5552370 4893874 9306229
971 966
381519401 922719159 979261656 186283963 885304730 827744479
9528391 1107814 8928951 9690330 2605987 9476734
367798091 722891368 643369788 1944907 898778336 723932518
9446578 5671670 1054228 4581829 411172 2680506
979 992
909981329 307877728 821460564 737123237 919003729 562222437
770011354 19550545 637634560 907752493 216474935 908772734
369064816 579727240 42254397 370425617 627360445 849654097
642134928 127252673 345236318 868319357 870925268 139671253
966 959
821325475 389023545 254410226 814896421 774363973 862516310
5131525 9901861 833873 2960998 8653500 8340208
278565694 357933351 521908412 23038366 510795782 629553129
9828781 1451468 7781878 9951582 8959129 4222096
