100
3 3
1 2 1
1 3 6
2 3 4
6 5
1 2 6
3 4 0
5 6 7
3 5 1
4 6 2
3 2
1 2 0
2 3 10
4 3
1 2 0
1 3 1
1 4 2
2 1
1 2 0
2 1
1 2 1
10 19
1 2 0
2 7 5
2 9 7
1 4 2
1 8 6
1 6 4
1 10 8
2 3 1
2 5 3
4 7 45
2 10 78796
4 10 80420
9 10 4778
1 9 55555
3 6 89441
7 8 97357
3 8 45714
1 5 50069
7 10 3479
10 40
5 10 60514
1 8 53324
1 7 86922
3 4 52691
9 10 73797
5 8 95163
2 8 1320
3 9 17581
1 4 60037
7 9 62546
4 8 33355
2 4 29152
4 5 55713
2 9 66011
4 9 93820
1 3 35740
4 7 10054
8 10 51043
2 5 26109
3 10 91156
5 6 7800
8 9 37717
2 3 43938
6 7 65626
6 9 71611
2 7 18971
1 9 81404
1 10 80935
4 10 3538
3 7 29817
3 5 46315
1 6 7119
2 6 69265
4 6 82567
3 8 33250
2 10 96146
5 7 24342
7 8 92319
7 10 61784
3 6 2036
10 19
5 9 86189
3 7 69545
8 9 88735
6 10 48103
4 8 79428
3 4 72341
3 6 28192
2 9 11126
3 5 6649
7 10 47467
9 10 28654
2 5 31568
4 7 46757
4 9 33124
1 3 66410
1 2 77008
6 7 58669
1 8 80456
1 10 98595
10 24
5 8 82711
5 10 37797
2 8 3420
1 2 25755
6 9 30575
1 5 70669
3 9 93618
1 7 55102
4 5 92174
4 8 92153
7 8 1829
2 6 26271
7 9 87951
1 8 83288
3 4 66299
5 9 54356
3 8 2176
1 3 21348
1 4 43221
7 10 65804
6 10 90664
2 3 82161
3 10 574
1 10 11533
10 34
4 5 93595
1 9 9131
1 2 54636
6 9 85371
1 3 66351
3 7 15977
2 6 56617
8 10 47154
2 10 15969
4 10 56904
4 9 48033
4 7 36054
8 9 40875
7 8 69170
2 8 73927
3 9 4325
9 10 15783
3 5 54236
6 7 96133
1 6 19088
3 8 27975
3 10 44918
5 10 78245
6 8 71899
5 9 65974
5 6 93276
2 9 38830
6 10 94647
5 8 12049
4 6 81605
7 10 76596
1 10 51681
3 6 28388
1 4 26591
10 38
4 10 45816
2 7 18052
2 3 64081
7 10 78465
2 8 23705
1 10 98501
3 4 8423
9 10 81562
6 7 30604
2 5 62021
4 5 47598
1 6 63123
5 7 73078
2 9 69042
6 8 80049
1 5 4393
3 10 39418
4 6 71404
3 6 75989
8 10 9909
1 2 22301
2 10 73727
3 5 94862
7 8 18705
2 6 11991
5 9 55768
4 7 71592
6 9 54783
7 9 91966
5 6 12423
1 4 32935
4 9 79021
4 8 78772
8 9 91358
1 9 75388
1 7 20470
3 8 22200
5 8 77262
10 27
4 7 49449
1 8 87056
6 9 53375
1 6 77924
7 10 23992
1 9 56857
2 8 27013
3 4 64182
1 4 21131
6 10 70895
3 7 44578
2 3 32794
5 7 58388
4 6 2927
7 9 229
3 8 15123
4 10 643
3 10 50200
2 6 89547
7 8 28775
9 10 83528
1 2 99690
2 7 99009
6 7 96128
6 8 62477
1 3 59852
2 9 56608
10 29
7 10 62108
7 8 28636
6 10 17922
9 10 33201
6 8 7303
3 7 18421
2 8 45938
2 5 39395
2 4 62531
1 3 61381
2 10 98729
3 4 66365
8 10 14668
4 7 60731
2 6 49362
2 7 82429
4 9 19053
3 5 26088
7 9 84010
5 9 31964
6 9 18970
4 10 38160
5 7 61263
5 8 69706
4 6 71760
4 5 61112
2 9 94579
2 3 59464
3 6 71281
10 14
4 10 78729
3 4 57880
3 5 76468
8 9 34232
5 6 69087
2 3 56160
9 10 75848
5 10 71269
4 7 6341
1 5 95585
4 6 1893
3 10 13864
1 2 3692
3 9 45262
10 25
1 2 81141
4 5 2137
4 10 12976
4 9 5942
6 7 67873
1 5 42093
3 4 21078
2 8 51094
1 3 30177
3 6 79251
1 4 37576
6 9 12856
7 10 73708
3 7 10114
5 10 76233
4 6 83257
2 7 15017
1 10 52124
3 10 75298
6 10 59582
2 3 47923
8 9 29459
3 8 88936
3 5 92090
2 4 85200
10 24
1 3 25606
2 7 24534
6 7 79265
5 8 48338
4 10 53255
1 10 80226
3 9 90531
1 9 89745
7 9 26115
5 7 65386
2 5 98973
3 10 24748
9 10 53910
2 9 66619
1 8 71710
6 10 50561
2 10 63292
5 9 97520
3 7 41803
5 6 48948
1 6 35684
6 9 74458
1 7 56968
2 6 63728
10 18
2 3 62481
7 10 92779
8 10 37035
4 10 7570
5 6 74177
3 5 70221
2 5 45198
3 10 68903
5 9 29208
2 6 73842
2 7 81461
3 7 4652
1 3 26131
6 8 47939
4 6 23647
7 9 83701
7 8 23177
6 9 34643
10 19
3 8 31508
3 6 91102
2 8 17532
4 5 49270
3 7 17029
1 2 57516
1 6 34630
1 10 84462
6 10 28520
6 9 96114
2 9 76260
4 6 12234
4 10 17455
5 9 69073
5 7 57949
1 5 16895
5 6 56296
8 10 63182
4 9 72164
10 34
6 7 41277
6 10 34574
6 8 11470
1 7 23039
5 7 81618
3 5 22486
1 2 64932
7 9 6474
9 10 50825
1 8 57625
1 5 38164
4 5 1308
1 10 78481
2 4 8968
2 8 26120
5 6 46463
2 3 24395
4 8 73436
1 6 23421
7 8 14807
5 9 28505
6 9 21216
8 9 28920
5 8 7983
2 10 78300
2 6 54003
3 8 50253
4 6 9227
3 4 17904
3 9 37974
4 9 59983
3 10 49140
1 9 12545
2 9 83776
10 35
2 8 98459
6 8 22730
1 5 15891
3 7 47854
1 6 20194
7 10 38174
1 7 99654
3 4 79854
4 5 80350
7 9 52463
2 6 36201
2 3 82101
2 9 43030
9 10 46492
1 2 75154
1 9 28110
5 6 81197
4 9 61740
7 8 39106
1 10 76399
1 8 37744
2 10 49240
6 7 41586
4 10 70191
8 9 50425
3 5 27049
4 6 63514
5 7 31894
4 7 45158
2 4 54463
8 10 91829
6 9 5061
3 10 13397
4 8 15494
1 3 79328
10 31
4 7 75987
6 9 45195
4 5 47439
3 4 5218
1 5 19290
3 8 97490
3 7 54384
2 3 65128
2 8 19167
3 9 19787
1 8 70998
5 9 6605
2 4 1866
1 2 91826
8 10 29068
3 5 23002
6 7 69569
1 9 99249
2 9 35796
1 6 72096
5 10 87938
3 6 77776
4 10 90894
2 6 56602
3 10 60617
4 8 7910
7 9 86614
7 10 26604
6 8 78086
4 6 6215
4 9 76162
10 44
5 10 44033
5 7 10654
3 8 46452
1 10 69983
5 9 97495
2 9 2345
2 6 43919
3 7 12005
1 8 15859
4 9 71380
5 6 43310
7 10 1784
6 8 28887
1 2 80447
2 7 87714
1 6 25390
8 9 55144
2 3 30770
1 4 2168
1 7 8731
2 8 93634
2 10 30668
4 6 70864
5 8 90170
9 10 28680
3 10 14627
3 5 86785
1 9 59869
7 9 57877
4 10 65718
6 7 96187
8 10 85308
3 9 81250
1 5 31757
4 5 3246
3 6 55419
6 10 69508
7 8 11222
3 4 58733
2 5 97924
4 7 72030
1 3 75639
2 4 78844
6 9 67189
10 35
4 6 65615
3 5 15285
5 7 99165
5 10 44682
3 10 53080
9 10 8302
3 8 25139
3 7 24274
1 2 97440
2 5 10412
6 7 46015
3 9 51630
1 3 40883
8 9 29897
6 8 16932
1 6 50202
4 10 26347
5 9 46441
2 10 87501
6 9 92771
1 10 82233
4 8 5681
3 4 89707
2 9 25084
5 6 84649
4 5 82288
8 10 15619
2 6 52445
6 10 729
1 7 12774
4 9 33838
5 8 11114
1 4 49120
3 6 55309
7 8 27376
10 34
3 8 8733
1 2 48203
6 9 32097
3 7 55912
4 9 43770
9 10 72822
4 10 18258
5 8 88707
4 7 15129
1 3 46319
1 9 8556
7 8 28139
8 10 78677
4 5 77607
5 7 84012
3 6 7671
5 10 82745
4 6 9743
3 5 63395
3 9 70908
2 10 94194
6 10 34598
1 10 71295
1 8 45888
3 4 28715
2 5 19736
6 8 95958
2 4 76388
2 6 27545
2 7 62586
1 4 56347
7 9 74107
2 8 51576
5 9 61240
10 10
3 9 47600
5 6 67263
6 7 86071
2 8 60391
5 9 21570
9 10 36691
1 9 86237
3 5 43260
8 10 42849
4 5 41260
10 22
1 10 24237
1 3 49085
2 7 31523
8 9 71271
2 9 99896
5 8 11230
4 5 92274
5 6 83538
7 9 24109
1 5 68164
4 10 54661
1 8 86703
6 8 73669
1 9 48296
2 5 17844
6 9 71322
3 5 6441
8 10 43895
3 10 14336
1 4 15980
4 7 6420
3 6 44248
10 44
1 9 64324
4 10 69576
6 10 47674
1 7 65776
8 10 5468
6 7 64015
4 8 61994
3 6 7607
4 6 62797
3 4 72107
2 10 22307
8 9 95931
5 7 24369
2 3 73399
6 8 30607
1 8 72244
4 5 29823
3 10 52212
3 5 56042
2 4 24376
2 7 52302
1 5 45314
2 6 39379
3 7 68812
7 8 91875
7 9 49081
1 6 55318
1 10 19955
4 7 53030
3 8 24477
5 9 63321
5 6 29480
5 10 57711
2 5 73315
5 8 61559
1 3 34533
4 9 8769
1 4 84873
2 9 58814
7 10 71078
6 9 96893
3 9 40365
1 2 7832
9 10 7008
10 39
6 8 69820
3 4 88182
1 5 27769
4 7 51453
7 8 29726
9 10 29781
2 6 94395
4 8 39935
2 7 35856
2 8 32323
6 9 8815
8 9 59175
7 9 50211
8 10 82830
3 7 69554
4 10 95448
2 9 33138
5 10 59474
5 9 23062
5 8 77211
6 10 73407
3 9 35116
1 3 88693
1 4 25863
3 10 26802
2 4 59823
2 3 40843
2 10 47086
1 7 87838
1 6 32379
1 9 15852
4 6 57299
7 10 85648
4 5 27454
6 7 46324
4 9 248
1 8 32818
3 8 61051
3 6 59764
10 35
7 10 48186
7 8 68889
2 9 85032
1 3 41692
9 10 37512
4 7 89950
7 9 46454
1 9 74741
4 5 17107
3 8 1046
1 7 40471
6 7 38209
1 6 91961
1 2 83084
1 5 72238
6 9 68752
3 7 36597
2 4 7299
2 8 9578
3 10 23466
4 9 59557
8 10 96568
1 4 3388
3 9 18691
3 4 33280
6 10 45442
4 8 1480
2 3 40102
5 8 70852
2 7 25889
5 7 24847
5 6 99877
1 8 67452
5 10 52119
6 8 98652
10 37
2 10 49379
2 4 1827
9 10 19382
4 6 4330
2 6 80223
1 9 64946
8 9 40259
2 5 71521
5 7 28940
1 3 90434
1 5 99794
7 8 54099
3 5 72552
2 7 55718
6 9 78222
2 3 37364
8 10 66770
3 6 69938
4 9 81411
3 4 18234
3 9 40784
3 7 36884
3 10 24943
2 8 52253
4 8 34813
6 10 93206
1 2 48810
5 9 24739
5 8 8256
4 10 37171
5 6 79962
7 9 64110
6 7 52469
1 4 23029
1 7 83768
5 10 32229
4 7 25605
10 34
3 7 99347
2 5 16402
4 9 69809
1 6 7908
4 10 84564
8 10 65695
3 9 75881
2 3 45864
4 7 66856
4 6 86303
2 6 63888
3 6 50308
6 7 87548
5 6 6447
2 4 88860
4 8 56270
7 9 46135
2 8 46411
3 8 9492
6 8 23207
1 2 53718
3 4 27203
6 10 54805
6 9 41088
2 10 95131
3 5 96475
8 9 99143
2 7 14127
1 9 35873
5 9 97655
1 7 24804
3 10 89203
5 8 33758
1 8 199
10 25
4 5 43221
5 10 72307
4 10 59990
3 8 43790
1 10 91228
6 9 27489
2 5 78263
3 9 97850
6 7 33518
1 5 17325
2 9 31457
2 7 84267
8 10 33011
4 8 10105
1 4 53505
5 7 61792
2 8 72701
6 10 39791
4 9 56904
5 8 12439
3 5 22938
3 4 5349
2 4 51367
7 9 37877
3 6 20134
10 42
3 5 37512
4 7 96922
2 3 4265
5 9 95344
6 10 85044
5 6 14354
4 10 48944
4 8 14076
2 10 8206
5 8 25101
3 8 75331
1 3 42813
7 9 60502
9 10 35176
4 9 36448
8 10 81424
6 7 56512
1 6 45470
4 6 9614
6 9 13454
1 5 76318
3 9 12903
2 7 47963
1 7 18593
1 8 86892
1 9 60151
7 10 5567
2 6 26281
6 8 19235
2 9 40962
5 7 93559
3 4 62390
1 2 48098
3 6 48695
3 10 53968
8 9 99014
2 4 5203
2 5 19971
1 4 43604
4 5 70570
3 7 70568
1 10 99801
10 43
2 9 36500
9 10 94131
5 10 50463
4 6 30451
1 5 98510
8 10 60627
2 8 10278
1 2 4051
4 5 94993
3 7 93872
3 5 85514
2 6 8259
2 3 46698
2 10 41133
3 6 28873
7 8 31973
1 3 39990
8 9 48999
7 9 18834
3 10 63643
3 4 91958
3 8 71516
7 10 99941
5 9 44893
4 8 44765
1 8 26646
2 5 70378
5 6 43350
2 7 54702
1 6 87713
3 9 63904
5 8 59450
6 8 49475
5 7 40210
1 4 96857
1 10 71580
1 7 12999
6 10 56846
6 9 97837
4 9 91304
6 7 46547
1 9 61538
4 10 3282
10 44
8 10 85479
1 3 2789
2 6 6334
4 10 29395
2 10 47048
2 3 39123
6 10 63649
2 9 77249
2 5 71206
4 6 92340
8 9 76589
7 10 84022
4 9 63654
5 8 78972
5 9 7079
4 8 30011
3 5 5064
9 10 64056
6 9 19194
5 7 50960
1 7 94656
1 2 55896
4 7 69304
3 7 8563
3 6 47201
6 8 75113
2 4 96253
2 7 75782
1 4 300
4 5 14966
1 8 4198
1 6 87338
5 6 13846
3 8 72640
3 9 76182
6 7 48811
7 9 87806
3 4 64095
1 5 6140
3 10 46124
1 10 31766
1 9 10499
7 8 35677
2 8 80706
10 21
8 10 75159
5 9 37155
2 7 86833
2 8 85955
1 9 98772
6 8 43030
2 4 88322
4 10 83962
8 9 71995
3 10 6639
7 8 21891
1 5 79075
6 9 15240
4 7 51580
1 3 4709
4 6 1800
1 6 81200
4 9 35425
4 8 92718
2 9 89629
5 7 59824
10 14
6 9 36055
6 7 54502
2 6 48153
1 10 52524
2 3 42247
5 7 46348
4 9 71687
6 8 61545
2 4 63544
1 9 806
7 8 63653
1 6 5348
1 7 11235
2 8 85267
10 44
4 6 41047
4 7 45866
3 4 53292
8 10 48639
4 5 34943
2 7 25299
9 10 96137
2 9 79001
4 10 3684
5 9 31848
7 10 35900
1 3 35077
1 9 46964
3 10 55315
5 6 30280
1 10 97190
8 9 61499
7 8 82578
1 7 824
4 8 85921
2 4 36130
7 9 1606
6 8 14155
3 7 55921
2 6 71897
6 7 12497
3 5 40956
3 8 8535
1 5 64287
2 3 4466
6 9 4597
5 10 15876
2 8 44725
2 10 56235
2 5 52243
3 6 68843
1 2 6676
5 7 10809
6 10 93961
3 9 48023
4 9 93180
1 8 59453
1 4 99891
1 6 21332
10 24
7 10 83143
2 8 19674
7 8 99044
1 3 55477
1 2 75182
3 9 2697
4 8 47043
5 6 88849
1 5 87337
3 10 71230
1 6 77286
6 8 70254
9 10 45595
3 6 6616
5 9 11448
5 8 43684
6 10 63561
4 6 12389
6 7 72082
4 10 84649
1 4 71083
2 10 43766
2 7 27948
6 9 47483
10 42
8 10 93523
6 10 1685
6 7 51570
5 10 5566
7 9 98622
1 10 45671
2 9 25173
7 8 21240
3 5 85873
9 10 50855
4 9 39405
3 4 71822
2 4 59825
2 5 16790
3 6 16191
1 4 42378
4 5 75126
1 8 61344
5 7 96018
4 10 49060
2 3 76817
6 8 6131
4 8 88218
6 9 58242
1 7 48146
7 10 95166
8 9 85184
4 7 50663
1 6 84246
2 8 44289
3 10 6431
2 6 68603
5 6 83963
1 5 1038
5 8 43331
3 8 13345
3 9 4478
4 6 60950
1 3 99034
2 10 43510
1 9 87300
1 2 81629
10 13
3 4 98315
7 10 92195
4 9 91774
3 9 84940
5 8 68384
1 4 16890
3 10 16106
1 9 4602
1 3 39030
2 5 82898
3 5 22082
1 6 26653
1 2 11834
10 24
4 9 94453
3 6 23714
7 8 78959
1 9 18946
8 9 44467
2 7 23597
2 4 3804
4 6 78245
3 10 27153
3 8 2580
1 8 46414
6 8 24432
1 7 24256
1 6 12581
2 6 77259
4 5 87589
6 10 10088
8 10 18918
4 10 67305
5 10 94017
2 9 27914
5 9 28009
1 10 18892
5 7 42412
10 39
2 6 60020
2 5 53466
3 6 54789
1 8 25049
2 3 68899
4 9 56057
2 4 59318
3 4 51768
4 7 64189
1 5 24280
5 6 12675
3 5 60753
6 10 52699
7 8 1695
3 10 87000
2 9 78211
5 9 65718
1 9 15383
2 8 64686
2 7 6505
9 10 89200
1 10 96028
5 7 93504
4 5 12125
1 4 4626
1 3 93397
7 9 74942
6 7 87601
8 9 71082
2 10 39244
6 8 3632
3 7 57557
4 10 647
1 7 42780
8 10 36590
1 6 45087
4 8 81224
5 10 50939
4 6 58767
10 29
8 9 2038
4 8 44591
1 5 43736
5 10 25973
5 8 64018
4 6 71060
2 6 59053
5 7 51241
3 7 78628
1 8 74610
7 10 86314
3 4 92413
1 9 2976
4 5 25888
1 7 9474
7 9 95317
9 10 7274
3 5 7056
2 8 33343
2 9 60798
3 9 84559
2 10 6130
2 5 63644
5 9 14328
1 6 10948
6 7 38956
2 3 35173
4 7 19113
1 2 17837
10 40
1 5 71891
6 9 25910
7 8 74824
3 9 93760
2 3 85037
8 10 33599
1 3 72374
4 10 26173
4 9 45563
1 9 2343
1 6 13048
8 9 91810
3 6 29038
9 10 96355
1 2 7295
3 5 74085
5 8 20234
7 10 89007
3 8 95726
5 7 6844
3 10 72172
3 4 84661
3 7 56782
5 10 9058
2 7 64637
2 5 4162
2 9 42441
1 4 12165
4 6 64394
4 7 5733
2 8 64467
4 5 33589
2 6 48737
1 7 82103
1 10 96362
6 7 18987
5 6 67384
5 9 84504
1 8 58519
6 8 82257
10 38
4 9 67950
1 8 5913
3 5 16117
6 7 86546
3 6 32274
5 7 31195
2 7 36289
1 6 78224
3 8 56007
7 9 18472
1 3 21510
3 10 12304
5 9 96647
2 10 30173
4 6 34813
1 9 65990
4 10 86211
1 4 10561
1 7 73977
4 8 30418
4 5 55204
2 6 77680
1 2 58049
7 10 5729
5 10 15103
9 10 8913
6 9 2443
7 8 5213
3 9 59520
2 8 96716
5 8 68084
2 5 4181
8 9 16995
8 10 61574
2 4 66624
4 7 23085
2 9 76307
1 5 82128
10 36
6 9 58916
4 5 4305
7 9 8988
2 9 55214
3 8 53975
8 9 34817
5 7 15574
6 7 94496
2 5 77288
1 3 16072
1 2 60978
3 4 16689
2 4 77238
7 8 14878
5 10 95685
4 8 96026
2 6 66629
6 10 68455
1 7 15078
5 8 46497
7 10 9156
2 8 43383
1 6 33466
2 3 94021
1 10 27025
3 7 95805
3 9 92275
2 7 56384
3 10 55741
9 10 29349
4 6 10579
1 8 4525
2 10 75651
1 4 1804
4 7 62165
4 10 65837
10 31
1 7 12873
5 6 174
5 8 93859
4 9 99326
1 9 25357
1 5 33980
7 10 18387
6 8 52699
6 10 45830
2 5 71499
2 9 24676
3 10 8809
7 8 54401
2 10 45500
2 7 66212
2 6 73785
9 10 58530
5 10 75073
1 6 20480
3 5 12328
8 9 40084
4 8 82881
7 9 18310
3 8 58151
1 3 33169
3 9 47967
6 7 11809
8 10 70391
6 9 55209
1 8 41484
4 5 76864
10 21
8 9 23803
1 6 14447
4 7 56802
4 10 67347
6 7 21897
5 8 76780
4 9 93716
1 7 768
1 5 24153
5 10 63889
9 10 95221
6 9 42219
3 5 52917
3 7 47598
1 3 77170
2 3 50201
3 4 99942
2 5 65115
1 9 15853
3 6 45972
1 10 18805
10 35
1 4 31276
3 7 6603
4 5 22719
2 4 21743
4 9 16573
8 9 55239
2 6 75250
6 7 14511
6 10 10062
5 7 64985
5 9 38709
8 10 63401
3 8 82046
1 2 90547
3 6 50337
2 7 53221
5 10 28741
7 10 4284
5 6 89857
4 8 37128
1 10 8012
2 3 88861
7 9 29708
4 7 98673
7 8 82185
1 8 62966
3 5 27747
1 7 30727
1 9 81132
2 9 60253
3 10 85494
2 8 16444
1 3 39190
5 8 0
4 10 66918
10 10
2 10 51042
5 8 55274
5 7 0
3 6 74289
1 10 95164
2 6 49770
4 9 35444
7 10 41049
1 9 74769
8 9 80127
10 18
1 10 0
5 8 63528
1 2 18605
5 7 83634
4 7 3363
3 4 66096
4 6 81007
7 8 27325
2 9 9235
1 4 64081
1 3 24263
3 8 1213
7 10 71915
1 9 90268
2 10 15865
4 5 36842
3 10 17856
2 5 60476
10 24
5 6 36788
3 5 73124
5 7 58909
3 9 26443
5 8 14495
6 10 84580
4 5 44834
7 8 57330
1 2 68610
2 5 67639
4 10 37029
9 10 1885
1 9 54490
3 7 252
6 7 0
7 9 2630
8 10 29029
1 4 36820
2 6 6502
2 4 37611
3 10 52043
5 9 93611
1 6 49493
2 3 99101
10 20
5 6 26839
1 10 75659
7 8 35811
8 9 47626
5 10 21406
3 5 80341
2 10 16138
7 9 63073
3 10 4860
9 10 6052
1 8 55841
2 6 38085
8 10 64306
6 9 2419
1 3 2649
5 8 0
4 5 37893
6 8 65015
3 7 73240
3 8 97477
10 31
2 4 11627
3 9 66892
1 8 73612
1 10 81446
6 8 66590
4 8 62546
9 10 62806
5 8 0
2 7 91353
1 3 11618
2 6 18550
6 10 26466
4 5 73346
2 3 18043
4 9 64408
4 6 82727
1 9 49577
5 7 63721
1 2 16626
2 10 2317
7 9 19651
5 6 86150
6 9 97365
3 4 38427
4 10 39560
7 10 72382
5 10 29660
1 5 8580
3 6 64898
1 6 13133
3 5 95955
10 31
5 9 12105
2 8 22472
1 9 90363
5 7 67191
7 9 86079
2 10 51091
6 10 31378
4 7 36790
5 10 33031
4 8 60704
8 9 70407
6 8 42045
2 4 6236
3 6 32555
2 7 35662
7 10 19971
6 7 68952
2 9 0
2 3 34693
2 6 51334
8 10 9599
1 4 20923
4 9 25657
1 6 93800
1 8 5921
1 3 66
3 5 78259
3 7 58930
7 8 60090
4 10 91436
3 8 75527
10 13
3 5 42014
1 5 84896
5 6 0
2 6 75917
2 7 90424
5 9 74320
2 3 61729
4 10 16014
3 8 95512
6 8 20390
3 6 53816
4 8 40236
3 10 7819
10 26
1 8 61324
4 7 99198
1 2 17750
3 5 1276
2 9 47065
6 8 48791
4 10 81585
1 10 63993
1 4 68239
4 9 67050
3 6 80372
2 5 20712
7 10 71726
4 5 25963
8 9 0
5 7 70527
6 10 20031
6 9 48824
4 6 68145
3 9 59545
3 10 34380
7 9 52130
5 6 40563
7 8 54716
4 8 15194
9 10 59527
10 12
3 10 5064
1 10 72179
3 5 52049
3 6 99782
7 8 96651
3 4 12678
4 6 30363
5 10 44727
7 10 27978
8 9 0
1 2 87269
4 8 77969
10 19
7 10 93410
4 7 27174
2 7 79240
3 4 77973
3 7 22419
7 8 68775
4 6 30022
1 4 97190
1 8 4412
1 5 33709
6 7 19950
2 5 71886
4 10 2247
7 9 69360
1 10 0
4 8 81284
1 7 26753
5 10 35357
8 10 52123
10 40
7 8 8606
2 5 77314
1 7 82883
3 8 5989
2 4 13593
1 10 59198
2 6 14156
2 8 51472
6 10 74660
8 9 82702
1 9 10045
5 9 98420
1 8 78187
7 10 4028
1 5 63285
1 2 70169
1 4 86531
3 7 19126
6 8 32883
9 10 19273
2 7 29605
7 9 8054
8 10 12764
2 10 47219
4 9 49311
3 6 30766
1 6 66962
3 10 38205
4 7 5018
2 3 92779
6 9 45601
3 4 0
2 9 96101
4 5 711
5 7 37421
4 6 65462
6 7 4411
3 9 72243
4 10 46658
5 10 71140
10 43
2 8 98357
1 4 16995
2 7 63120
7 9 72749
5 8 41238
3 10 32189
2 6 93847
1 8 27248
3 4 64400
4 9 53290
6 9 89317
4 10 33637
2 9 93501
6 7 60768
8 9 9999
5 6 30962
7 10 98835
2 4 56913
3 8 63749
3 5 77481
3 7 82318
7 8 26737
1 9 51284
3 9 39334
4 5 12636
2 5 88986
4 8 93258
1 2 64428
3 6 80197
9 10 79860
2 3 15753
1 7 76845
1 10 93856
1 5 44012
6 10 58924
6 8 22264
2 10 19980
1 6 35325
4 7 27751
5 7 53881
5 9 0
5 10 70538
1 3 90195
10 29
7 9 73492
1 2 58011
4 8 66183
3 10 10260
1 9 92284
2 10 30257
2 7 20299
6 8 61987
5 9 94680
4 10 35903
3 9 72506
6 7 652
5 8 70420
8 9 45828
3 7 51749
1 4 77370
9 10 89835
3 6 1913
7 10 23226
2 4 0
6 10 5802
3 4 89356
6 9 82929
1 10 69361
2 5 56514
4 5 28714
1 8 4060
4 6 75892
3 8 16709
10 11
1 2 99924
4 8 83045
5 10 67974
6 8 13913
1 3 9395
6 9 64532
1 5 0
2 10 78921
8 10 92717
7 9 16419
8 9 36656
10 41
2 9 39588
7 8 53868
2 10 80505
3 5 97327
1 6 11889
5 6 1674
4 5 0
1 2 22535
2 7 81931
3 7 18263
1 9 54004
4 6 73698
6 8 11100
4 7 48915
6 7 47422
8 9 45081
4 10 81137
3 10 19283
9 10 54872
2 4 10968
4 8 14249
5 10 46340
2 3 44583
7 9 12792
5 9 25617
1 8 61309
5 8 44718
2 5 58349
3 6 51459
2 6 46622
5 7 69391
1 3 62769
6 10 45691
4 9 87870
1 5 63200
3 4 57709
1 7 44985
3 8 43719
2 8 43781
6 9 46962
7 10 34519
10 44
6 10 34883
2 9 40950
4 9 0
5 7 45942
1 4 64284
1 7 58093
3 6 91464
3 7 85784
1 10 47811
7 10 34385
3 10 26949
5 6 34844
7 9 57417
2 10 87079
1 2 89680
4 5 78170
3 5 5480
9 10 35090
5 9 47071
1 6 8730
1 9 72535
5 10 46843
2 5 28687
4 10 84507
1 8 57879
2 3 39041
2 6 64169
8 10 13389
8 9 28740
3 8 45459
6 9 21159
2 7 33898
7 8 91178
6 7 32247
1 5 49556
4 7 15922
2 4 72034
1 3 47040
6 8 3744
3 4 10503
2 8 28419
5 8 64557
3 9 57104
4 6 29190
10 12
1 6 30466
1 8 2404
4 9 2874
1 3 528
4 5 26563
5 8 9521
3 7 81271
1 9 14542
3 6 44808
2 9 94601
1 10 0
2 6 33198
10 10
5 10 29000
3 4 0
1 6 54666
6 8 52120
1 8 22106
5 9 13432
6 7 58156
7 8 56302
4 9 86323
2 4 69965
10 21
4 7 23905
2 10 46248
2 4 90991
2 5 37527
5 7 6883
7 9 65243
5 6 44777
1 10 78284
7 8 35065
3 8 24994
3 10 33702
3 7 6892
2 9 36851
1 9 0
9 10 74117
5 10 88954
3 5 49485
2 7 72709
1 2 88063
1 3 38315
4 5 30901
10 40
1 9 41268
5 7 80150
9 10 23779
6 9 63675
1 6 62998
4 5 49975
3 6 93211
2 10 27439
3 4 50901
1 2 46888
2 5 51531
1 3 42162
1 4 48575
8 9 52379
5 9 31691
5 8 40038
2 6 71465
5 6 88720
2 8 56436
7 10 134
4 8 0
5 10 89337
3 7 79625
2 7 91969
8 10 38220
3 8 76523
4 9 74953
3 9 11635
2 9 79428
4 6 77926
1 5 20838
3 10 56685
7 9 65634
3 5 85953
1 10 62507
7 8 49742
4 10 36546
4 7 33272
2 3 2837
2 4 37995
10 37
2 5 2774
3 7 16500
1 2 76934
2 8 0
1 8 64983
5 9 21959
1 10 48968
3 10 78630
2 3 22096
8 10 41832
7 10 88102
4 5 44735
9 10 41405
4 7 52218
3 5 30216
1 4 74692
4 8 93186
2 9 51122
1 5 93294
8 9 3999
4 10 83264
6 10 44417
3 8 22658
6 7 47566
7 8 6710
5 10 95596
4 6 99708
5 6 16591
1 9 37745
3 4 5234
7 9 27277
6 9 82831
2 7 68767
1 7 96504
3 9 47436
1 3 36552
2 6 8757
10 22
5 9 5109
1 8 59696
4 8 64203
1 7 48300
4 7 0
1 9 7360
6 10 75615
8 9 43235
5 7 43675
2 8 10655
4 6 71692
1 3 58668
5 10 20642
2 3 30495
3 8 7837
2 7 31172
6 9 97297
8 10 14807
1 10 50266
1 6 30660
2 4 68446
2 5 81491
10 26
1 7 30446
9 10 15303
2 4 88306
3 5 56154
6 7 27205
2 8 77961
3 4 0
1 2 17777
1 5 30998
4 9 72834
1 10 11776
7 9 20594
5 7 73233
2 6 65237
5 10 62929
7 8 31374
6 9 9160
3 8 70315
1 6 65730
2 5 94046
1 8 79597
4 7 39253
4 8 25003
4 5 59916
4 10 62142
8 10 87603
10 27
6 9 25189
2 8 41932
3 5 76186
1 3 5873
4 5 62570
2 7 76546
2 3 73802
1 9 38024
4 6 52537
2 6 58845
6 8 94499
5 9 82007
2 9 387
9 10 75262
3 10 7994
4 10 34082
3 9 53997
3 6 52418
3 8 82964
4 8 90400
7 8 0
7 10 61625
3 4 59413
1 8 58626
4 9 40440
5 10 34085
2 5 80641
10 41
5 7 91717
3 7 39411
3 4 68461
3 10 17038
2 4 7797
4 5 82681
1 4 69359
3 9 4955
2 7 85948
5 8 75416
3 8 41720
1 2 86319
5 9 0
2 9 35282
5 6 34513
1 9 65710
6 7 17672
8 10 82859
6 8 12045
1 10 57442
2 8 12579
5 10 40776
1 8 79332
3 5 10587
4 9 40160
7 8 53992
1 3 51720
1 6 70818
3 6 34730
4 6 16517
2 5 88850
9 10 81013
4 8 23649
4 10 50174
4 7 91649
7 9 63676
1 5 92632
7 10 87993
1 7 6560
6 9 26634
2 6 80460
10 15
5 6 57650
6 9 64728
5 10 61021
3 6 77514
2 6 0
6 10 69096
1 4 89357
7 10 60162
4 6 9533
1 2 34420
2 3 20011
4 5 14777
2 9 26880
5 7 8666
4 8 69916
10 38
2 3 86647
3 8 0
5 8 59128
6 9 14498
2 6 81169
3 6 69134
1 10 78341
1 8 93361
1 7 3635
5 6 36903
2 5 37015
6 10 84689
4 10 85069
4 7 18559
6 8 54435
5 10 44888
5 7 58956
3 10 89159
7 8 95946
4 9 83162
1 4 81870
2 4 52906
5 9 57231
3 4 85606
1 9 69778
8 10 46566
4 5 25739
3 7 85449
4 8 36990
1 3 9248
2 8 74312
7 10 81182
3 9 57569
8 9 73552
2 9 47405
2 10 95275
4 6 38872
3 5 20789
10 18
2 9 41192
1 4 63450
2 10 55905
1 8 35677
2 4 83659
6 9 97940
2 6 33682
3 7 34502
7 9 82879
4 9 9032
2 8 1089
1 2 97931
5 10 0
3 9 11930
1 5 18220
1 9 99507
1 6 80658
5 7 24862
10 22
6 9 97493
5 8 78812
2 7 89960
7 9 7593
2 8 68610
3 4 2744
1 7 0
1 4 15209
6 10 58349
2 10 14115
4 8 41103
7 10 87759
2 4 90135
2 9 69697
5 6 39101
4 5 58989
1 6 89888
2 5 76292
8 9 80906
9 10 22642
2 3 39178
7 8 4521
10 14
2 7 21826
1 7 41986
3 7 32923
3 6 23884
3 9 27233
2 5 68612
1 8 46995
9 10 15243
4 10 1965
5 8 62866
5 10 61923
4 8 37533
2 6 0
6 9 5664
10 31
5 8 3004
2 6 91805
3 8 50804
3 6 15193
5 9 16521
2 8 8134
6 7 22341
4 9 9278
8 9 35845
4 10 87128
7 8 93130
2 5 5872
1 8 29532
6 8 10601
6 9 84778
4 6 69615
9 10 21834
7 9 0
2 3 57626
8 10 19225
1 5 19327
1 9 32171
2 10 28569
7 10 43455
1 2 36513
1 4 1140
2 7 80330
3 9 62847
1 10 84482
3 4 66981
4 5 51694
10 19
1 3 79648
5 7 79239
7 10 680
4 5 12409
9 10 77875
8 9 15659
4 10 2725
1 5 28227
1 7 20489
5 9 0
1 4 43813
4 7 98225
1 2 26621
3 10 14979
1 8 7442
3 9 10999
8 10 24078
4 8 88592
1 6 6557
10 12
1 2 22616
1 8 2158
6 8 56570
4 9 14313
1 5 36491
1 10 63062
1 7 16705
4 5 39866
1 4 61507
2 5 0
3 5 74079
3 4 99108
10 23
3 8 58976
2 6 7034
5 10 10564
1 10 77906
3 5 15399
4 7 88561
2 3 97295
5 8 18949
5 6 92736
6 8 38832
1 7 88005
9 10 74168
2 10 60650
4 6 85794
2 7 16647
2 9 83264
1 6 97359
6 9 0
3 6 606
3 10 98948
8 9 55425
6 10 62665
3 7 65260
10 23
3 9 75115
4 5 12481
3 5 86003
2 10 82319
6 7 18997
1 7 76212
1 10 41639
1 2 8345
5 6 41498
3 7 65172
2 8 782
7 10 18057
2 9 8803
4 10 71615
1 4 99794
1 9 37594
6 9 51330
5 10 0
4 8 10772
4 6 35805
1 6 12421
9 10 5051
1 8 51851
10 15
1 7 91866
6 7 8065
4 10 90656
3 9 94826
1 8 8257
7 8 49823
5 8 86245
2 7 47041
3 7 83094
2 10 83026
4 7 38482
6 10 47886
1 3 42413
8 9 37685
5 9 0
10 23
5 8 92267
3 9 14650
5 10 74901
3 7 38006
2 10 19246
4 6 30529
7 10 45062
1 10 18569
1 7 8315
4 5 66258
6 10 19638
8 9 34005
1 2 0
5 6 35121
2 7 53326
6 7 28414
4 9 75082
3 5 83656
3 6 31440
1 5 6568
8 10 49484
4 7 90952
2 8 72838
10 44
8 9 71827
3 4 81767
3 9 69355
3 5 34487
9 10 46672
4 5 22109
4 6 11806
2 10 55699
1 7 38286
6 10 30063
1 3 73955
3 8 51433
2 4 30503
3 7 0
2 6 70791
2 8 81341
4 7 96315
5 9 11678
2 7 58885
1 9 70258
6 8 21
1 5 98712
6 7 38849
1 10 22466
5 8 51796
4 8 57670
2 5 11315
4 10 12709
3 10 35221
2 3 39383
1 2 24060
7 10 19835
5 10 89097
1 4 47006
1 8 66147
5 6 36899
4 9 19664
6 9 35873
7 9 73040
8 10 2749
3 6 36818
7 8 27227
2 9 31034
1 6 55454
10 38
1 7 59159
1 2 5817
5 9 5431
3 10 76330
4 5 21036
2 10 15478
7 10 14129
3 6 30770
4 9 17074
4 7 92951
5 8 11172
9 10 25006
3 5 37964
1 5 41140
2 7 59867
3 8 27365
4 10 73978
7 8 9300
1 6 71178
2 8 4431
6 9 47856
2 4 9905
8 9 74619
2 6 5388
2 5 74206
1 3 18410
1 8 83450
4 8 67317
1 10 20776
6 8 28750
7 9 5171
2 3 14578
5 10 51674
3 9 77592
3 4 90466
1 9 63236
2 9 31058
1 4 0
10 11
8 10 98865
3 10 82052
6 8 66078
4 7 76704
9 10 21991
1 2 0
2 5 98758
2 7 65640
6 10 57351
4 5 55381
2 9 33201
10 36
3 6 26766
9 10 94132
3 4 82736
4 10 55066
1 8 37034
3 9 58708
1 6 78976
2 9 79179
2 10 17115
5 10 97978
3 8 69954
5 9 89211
2 8 13436
3 5 84298
6 9 63067
5 8 36469
4 8 67223
8 9 26509
6 8 13625
2 7 9643
1 10 40862
1 3 20968
7 9 60233
1 5 59092
2 4 92358
2 6 18750
3 7 61820
2 3 80576
1 7 0
5 6 90999
1 4 64135
6 7 19918
4 6 21079
1 2 19536
8 10 73769
7 10 33581
10 19
2 7 72862
6 8 68359
1 4 53181
4 10 71757
2 4 57284
4 8 25541
3 6 11367
1 7 59510
3 4 15667
3 9 72386
3 10 0
7 8 76006
1 9 71674
1 10 45374
3 5 96111
4 9 22494
5 8 27969
5 9 11824
1 5 16364
10 37
1 2 11610
3 9 67063
1 9 34074
7 8 57526
2 8 36340
1 7 1798
2 7 46441
2 9 61180
5 6 19454
4 10 31778
3 10 58733
8 9 77169
4 9 97234
6 7 23555
2 6 14780
1 5 51165
5 10 87166
2 10 68410
9 10 9334
4 7 38520
3 8 19556
2 3 41409
5 7 21860
2 4 57383
7 9 35001
8 10 52132
6 10 0
3 5 48535
6 9 85671
1 4 85280
3 6 78863
2 5 43693
4 6 17321
3 7 5849
7 10 1633
1 3 26269
3 4 64514
10 16
5 8 16085
6 7 97468
1 8 44643
2 8 40571
1 7 33964
5 6 93259
5 7 83282
4 5 36630
1 10 88451
2 3 98633
2 4 36881
9 10 21007
4 6 25581
8 10 2041
2 6 0
7 8 48740
10 21
5 9 86744
6 7 92209
6 9 9941
9 10 96469
3 8 1443
1 5 75053
2 3 15264
6 10 67704
5 8 51960
4 6 53082
5 10 59395
1 2 68059
4 8 0
4 10 75612
5 6 77473
3 9 24772
8 10 80266
2 6 91243
2 9 46681
6 8 78225
1 3 93009
10 35
1 10 33332
4 10 80925
1 7 88042
2 4 0
5 9 72450
7 9 15869
4 5 30262
1 8 50693
1 9 67115
4 8 76237
2 6 90030
8 9 62609
3 8 92978
5 10 95272
3 9 83351
1 6 90930
1 2 7940
3 10 37406
3 5 43343
7 10 19313
4 7 60539
2 8 82257
1 3 46495
4 6 47067
2 7 14333
6 8 44595
3 6 91724
2 3 49425
4 9 65849
5 8 65645
2 10 24202
7 8 55828
1 5 62593
6 7 21924
3 7 56690
10 40
1 3 56279
2 6 15943
5 9 91574
7 9 37702
5 7 81856
3 10 41615
1 4 25228
6 9 92805
1 10 91234
2 4 42853
5 10 3875
2 9 33190
1 8 57095
6 10 37925
2 7 58837
8 9 76236
1 9 41818
6 8 49589
4 5 99098
2 5 93545
4 9 55128
4 7 58721
3 7 44478
2 3 2601
7 8 65245
9 10 0
3 5 12616
1 6 13730
1 5 87609
4 8 5623
4 6 64078
1 2 80583
3 9 51290
5 6 37795
3 8 89722
7 10 12074
6 7 26754
3 6 76991
2 10 70874
4 10 6795
10 12
1 3 49191
8 9 34527
6 7 11358
2 8 65742
2 6 4661
4 5 39747
2 7 5212
3 10 12239
1 2 63869
5 8 77018
4 10 0
1 4 68183
10 45
4 8 90190
6 7 11880
1 3 68637
6 10 33046
5 6 55756
4 7 44298
3 8 19362
5 8 61218
8 9 39639
6 9 0
4 9 73390
5 9 41397
1 4 47922
7 9 7220
2 9 94153
2 7 41281
9 10 60307
1 2 46425
7 10 76142
2 6 85924
5 10 81642
2 8 12919
4 5 28061
2 10 15199
6 8 36301
7 8 6851
2 3 31960
1 6 88920
8 10 25106
3 5 80048
3 7 72248
1 5 25124
2 5 95370
4 6 45068
1 8 51111
1 10 40522
3 6 75259
4 10 1494
1 7 98065
3 4 15977
3 10 52033
3 9 6303
1 9 71628
2 4 80480
5 7 40146
