100
3 2 4
3 2 9
13 23 244970308440
15 49 435200081607
5 83 401043764310
26 1 3
11 16 291831879647
2 99 441138595626
9 59 31841249566
5 19 635402321806
23 5 686170169345
2 99 807184405100
2 91 141023826458
2 56 753252163781
2 95 740896810158
2 100 3007316006
26 1 5
19 38 406763717379
1 100 100
2 100 353414451810
25 37 716092180178
2 93 112165391515
26 100 1000000000000
2 92 938994457038
12 30 263180874667
2 100 3121207
15 17 402649537801
14 42 947229956946
1 12 180963089878
19 53 769562746871
2 100 3196059683
18 54 756883281409
13 59 592918444724
5 10 7322
2 98 845669254256
15 20 79118708910
4 44 829019886216
26 1 1
19 57 845760633008
26 8 613818403638
2 100 102273908761
2 91 553872773206
2 100 2936890
20 51 817887785626
12 55 569770180261
21 14 795708515954
1 100 1000000000000
3 83 912834435518
3 3 97843
10 49 803117868849
3 3 16
7 42 956456235353
21 6 506392022774
12 55 843546980502
1 5 1
2 100 549755813913
15 41 963787538843
12 47 591517142699
2 100 1000000000000
3 14 749887542682
15 20 258374608735
1 5 5
1 5 3
10 59 241485303591
21 87 254062030909
5 10 7323
8 81 603940349631
5 97 176755762758
2 56 823261068362
11 58 803756988457
1 27 943540865612
10 55 327247333244
3 5 51
5 74 744092105928
2 93 232144334037
2 100 455547138653
4 18 436032410755
1 1 1
22 70 21552258884
3 15 1015
11 1 608364926038
1 1 2
3 6 369676619508
20 55 801110012685
19 21 241324149320
11 60 779069744481
3 2 7
20 3 809678492275
17 66 930778443908
1 99 1000000000000
1 5 2
3 18 6851
2 94 703090514519
8 40 985225252454
21 55 952392669197
13 44 959300722633
25 43 866258088914
20 45 760212779542
2 100 96234111004
6 94 740615406766
