30
6
5 2 4 6 3 1
6
2 4 8 16 32 64
3
1 1 1
3
200000 200000 200000
200
65537 131073 131073 131073 65537 131073 131073 131073 65537 65537 131073 131073 65537 131073 65537 131073 65537 131073 131073 131073 65537 131073 65537 131073 131073 65537 131073 65537 65537 131073 131073 131073 65537 131073 65537 65537 65537 131073 131073 131073 131073 131073 65537 65537 65537 131073 131073 131073 131073 65537 131073 131073 131073 65537 65537 131073 65537 65537 131073 65537 131073 65537 131073 131073 131073 131073 131073 131073 65537 131073 65537 65537 131073 131073 131073 65537 131073 131073 65537 65537 65537 65537 131073 65537 131073 131073 65537 131073 65537 65537 131073 65537 131073 65537 131073 131073 131073 131073 65537 131073 65537 65537 65537 65537 65537 65537 131073 131073 131073 131073 65537 65537 131073 131073 131073 65537 65537 131073 65537 65537 65537 65537 131073 131073 131073 131073 131073 131073 131073 131073 131073 65537 131073 131073 131073 131073 131073 131073 131073 65537 131073 131073 65537 131073 65537 65537 65537 131073 131073 65537 131073 131073 131073 131073 65537 65537 131073 131073 131073 65537 131073 131073 65537 65537 131073 65537 131073 131073 131073 65537 131073 65537 65537 65537 65537 65537 131073 131073 65537 131073 131073 131073 65537 65537 65537 65537 131073 65537 65537 65537 131073 131073 65537 131073 131073 65537 131073 131073 65537 131073
200
1 1 1 0 0 1 1 1 1 1 0 0 1 1 1 0 0 1 1 1 0 1 0 1 1 1 1 0 0 0 1 0 1 0 0 1 0 1 1 0 1 1 0 1 0 0 1 1 1 1 1 1 0 0 0 0 0 0 0 0 0 1 0 1 1 0 0 0 1 0 1 0 1 1 0 0 1 1 0 1 0 1 1 1 0 0 1 1 0 0 0 0 1 0 1 1 1 0 1 1 1 1 0 1 1 1 1 0 0 1 0 0 1 1 1 1 1 1 1 0 0 0 0 1 1 0 0 1 1 1 0 1 1 1 1 0 1 1 0 0 1 0 0 1 1 1 1 0 1 0 1 1 1 0 1 1 0 1 1 0 1 1 0 1 1 1 1 1 0 1 1 0 0 1 0 0 1 1 0 1 0 0 1 0 0 1 0 0 1 1 1 0 0 1 0 0 1 1 1 1
200
81981 102628 55703 38799 190023 70030 84853 59691 144046 111303 86837 141910 158957 109036 168349 49629 14604 41056 8703 157855 111591 37634 31105 117841 182703 145364 173232 44740 74614 169659 136832 26165 47660 170345 7299 21317 80864 56826 72651 67419 167490 40723 113530 65300 62685 30727 162657 109144 97852 106052 163572 43509 184681 36958 142266 72356 194466 66727 102023 182172 115805 98877 40644 156600 110097 140809 33679 1089 148200 124518 45585 157899 79488 74549 150351 115416 32074 103654 638 130649 43410 68322 53038 166031 149781 91120 126549 125155 116616 98470 157539 149704 175804 152262 54040 142148 8313 179820 132396 168358 29393 90787 184298 170662 95310 60865 109028 174281 111814 143621 195278 83132 174257 95739 73804 70721 65028 87590 17677 77052 160651 127090 87530 116643 186526 179036 133690 168706 35392 83319 78592 175678 80384 171873 41217 54851 96296 40820 153613 70969 175836 115074 159979 143626 163217 121400 45263 52222 165720 91532 119873 158241 194869 171858 165444 168526 145851 126981 111526 178742 96404 53622 150615 140853 24324 73889 162546 162647 55006 80166 54162 158276 28934 70860 187569 175830 145946 76840 111516 1006 175501 17007 72094 174808 12890 26007 81418 39141 108375 94004 106560 78305 813 135178 106188 126533 116766 84861 136967 75952
200
22875 21045 132370 34465 8540 36600 13420 86925 55510 58255 82655 17625 16215 101990 26555 6580 28200 10340 66975 42770 44885 63685 8625 7935 49910 12995 3220 13800 5060 32775 20930 21965 31165 16425 15111 95046 24747 6132 26280 9636 62415 39858 41829 59349 25200 23184 145824 37968 9408 40320 14784 95760 61152 64176 91056 7650 7038 44268 11526 2856 12240 4488 29070 18564 19482 27642 29850 27462 172732 44974 11144 47760 17512 113430 72436 76018 107858 22125 20355 128030 33335 8260 35400 12980 84075 53690 56345 79945 7275 6693 42098 10961 2716 11640 4268 27645 17654 18527 26287 18450 16974 106764 27798 6888 29520 10824 70110 44772 46986 66666 21150 19458 122388 31866 7896 33840 12408 80370 51324 53862 76422 305 235 115 219 336 102 398 295 97 246 282 75 69 434 113 28 120 44 285 182 191 271 109869 26385 17421 192582 128359 183937 47133 42830 120564 106658 45100 111044 162044 156759 69996 35281 199898 55263 156994 144392 48453 138204 174574 40970 118824 49891 118791 123336 171269 63008 50518 64102 47918 80560 177772 172932 151992 161814 143054 168616 112876 197410 136571 162402 52860 136102 130748 127259 174396 111857 126284 117290 79937 71204 128744 95029 110705
200
957 4169 3278 3861 4213 2651 2409 1936 25491 111047 87314 102843 112219 70613 64167 51568 18705 81485 64070 75465 82345 51815 47085 37840 24186 105362 82844 97578 106474 66998 60882 48928 18705 81485 64070 75465 82345 51815 47085 37840 609 2653 2086 2457 2681 1687 1533 1232 20097 87549 68838 81081 88473 55671 50589 40656 31929 139093 109366 128817 140561 88447 80373 64592 11 293 215 278 215 7 231 367 87 379 298 351 383 241 219 176 106798 94108 126431 47147 1104 135864 88227 68765 125087 133201 142747 138013 52306 105062 5016 138736 63999 111950 196341 187684 169273 20425 188430 27397 120122 192385 93087 92634 176978 51421 34569 94178 169015 106773 70801 79121 120976 194286 20896 68814 95920 64780 125727 156358 122296 41212 36588 45800 63594 172087 93949 117198 67896 66322 103547 160800 187094 27326 109485 141081 64758 69436 104994 166599 96439 14137 61719 59023 27641 70195 129907 192216 148885 31487 45445 115448 124472 47522 118382 117437 196311 43620 62310 135479 122449 193079 146614 151742 91286 63999 183458 188836 107887 79967 133483 8327 39189 33678 163369 151732 20639 178907 112765 160793 182915 152201 86170 112919 83251 30004 95489 122648 124232 83814 156672 53877 147299 184906 78757 83879
200
200000 200000 200000 200000 200000 200000 200000 200000 200000 200000 200000 200000 200000 200000 200000 200000 200000 200000 200000 200000 200000 200000 200000 200000 200000 200000 200000 200000 200000 200000 200000 200000 200000 200000 200000 200000 200000 200000 200000 200000 200000 200000 200000 200000 200000 200000 200000 200000 200000 200000 200000 200000 200000 200000 200000 200000 200000 200000 200000 200000 200000 200000 200000 200000 200000 200000 200000 200000 200000 200000 200000 200000 200000 200000 200000 200000 200000 200000 200000 200000 200000 200000 200000 200000 200000 200000 200000 200000 200000 200000 200000 200000 200000 200000 200000 200000 200000 200000 200000 200000 200000 200000 200000 200000 200000 200000 200000 200000 200000 200000 200000 200000 200000 200000 200000 200000 200000 200000 200000 200000 200000 200000 200000 200000 200000 200000 200000 200000 200000 200000 200000 200000 200000 200000 200000 200000 200000 200000 200000 200000 200000 200000 200000 200000 200000 200000 200000 200000 200000 200000 200000 200000 200000 200000 200000 200000 200000 200000 200000 200000 200000 200000 200000 200000 200000 200000 200000 200000 200000 200000 200000 200000 200000 200000 200000 200000 200000 200000 200000 200000 200000 200000 200000 200000 200000 200000 200000 200000 200000 200000 200000 200000 200000 200000 200000 200000 200000 200000 200000 200000
200
10946 157454 131773 7157 80832 7578 71570 7280 104720 87640 4760 53760 5040 47600 11622 167178 139911 7599 85824 8046 75990 10634 152966 128017 6953 78528 7362 69530 546 7854 6573 357 4032 378 3570 8918 128282 107359 5831 65856 6174 58310 6864 98736 82632 4488 50688 4752 44880 421 280 447 409 21 343 264 26 374 313 17 192 18 170 64787 104608 190349 61547 70471 11318 191568 162491 25057 110036 48391 12060 36913 99071 180263 197867 193771 16047 105484 56365 177051 128145 114161 75561 65612 146435 111368 25471 188503 109823 190310 123623 166230 154158 129586 29185 10458 73828 43329 92001 129613 113456 133500 144341 15006 159219 120674 20544 88523 157760 155857 70088 62170 150415 75188 192165 145189 3237 15215 136763 74697 55159 146901 56386 52566 192490 89376 156038 10220 65373 79771 65106 41577 137159 146725 190589 101836 40717 179597 70859 61897 97063 74555 133119 125576 43379 84042 49460 148744 195885 939 9458 1765 118895 59814 137858 133333 100789 159192 168586 98378 96517 56540 863 71842 50804 8339 14464 168086 35556 35057 183271 28641 30070 170774 154672 22010 129624 43934 29347 177754 79008 193984 180229 130685 192032 48367 51186 12753 176228 102743 80114 38249 122947 86846 27301 181519
200
139356 73179 124748 106109 17537 10760 50102 110541 105411 41144 36674 16904 163233 135557 69456 104761 97599 57045 143993 192124 107083 45960 57393 28642 3627 120181 95456 164960 576 87862 165052 164800 65402 34588 92904 188265 80464 29295 187909 50412 17637 30875 198130 160908 144668 110321 58809 155835 9981 33648 165049 97607 30135 137785 123257 165849 94640 189782 101406 174063 49679 117196 163171 155234 148535 121664 87811 88549 107559 55631 55863 177001 85451 15089 10756 148910 121627 184054 138701 187564 5690 138605 5261 168380 59481 126413 162660 123017 152732 154730 16402 61853 64014 74686 192034 100788 16140 181268 23789 863 154346 53170 4740 61422 41110 131906 184894 144442 38935 48865 2746 123045 59210 100981 63421 105012 194142 45514 184440 19245 89793 76666 37704 196369 84149 83964 155638 64534 57066 100499 158107 191372 58218 154367 120599 64610 97757 113661 982 14494 46776 114174 195284 115314 56373 188168 54527 170715 96424 43071 96161 24017 78781 156611 120265 122487 107697 33846 25084 42702 87823 156984 120841 187822 102228 157923 60659 186083 61292 30631 30014 154518 136808 86077 31965 140718 32848 45400 175501 116728 84764 123218 24431 163374 165559 3342 59013 17258 142577 14324 78983 81975 199299 181392 173270 74937 193217 116539 142535 184660
200
96824 66248 16856 145432 98000 54488 78400 47040 173656 59192 97318 66586 16942 146174 98500 54766 78800 47280 174542 59494 80522 55094 14018 120946 81500 45314 65200 39120 144418 49226 58045 39715 10105 87185 58750 32665 47000 28200 104105 35485 90402 61854 15738 135786 91500 50874 73200 43920 162138 55266 60021 41067 10449 90153 60750 33777 48600 29160 107649 36693 7163 4901 1247 10759 7250 4031 5800 3480 12847 4379 1235 845 215 1855 1250 695 1000 600 2215 755 108927 74529 18963 163611 110250 61299 88200 52920 195363 66591 46189 31603 8041 69377 46750 25993 37400 22440 82841 28237 392 394 326 235 366 243 29 5 441 187 247 169 43 371 250 139 200 120 443 151 146987 95014 114109 114082 74771 33376 35254 50845 9258 172423 140169 99067 125891 132744 104047 85316 37251 12824 67786 142067 9399 27764 155190 33133 155536 121767 114252 83964 162507 15544 66372 10091 168463 48227 178187 151427 60895 31563 37787 60810 55754 85013 139932 145238 171165 80456 33717 37454 172063 105380 108681 110580 99838 164140 35787 167997 15314 162810 53267 52527 3182 115056 110003 67435 69502 182511 117910 71411 102796 42402 106061 134322 85495 153026 165797 191167 132538 169859 88886 109601
200
178234 116928 41006 168490 100688 54810 127078 116116 146187 95904 33633 138195 82584 44955 104229 95238 12292 8064 2828 11620 6944 3780 8764 8008 117652 77184 27068 111220 66464 36180 83884 76648 86044 56448 19796 81340 48608 26460 61348 56056 32047 21024 7373 30295 18104 9855 22849 20878 190087 124704 43733 179695 107384 58455 135529 123838 115457 75744 26563 109145 65224 35505 82319 75218 406 333 28 268 196 73 433 263 439 288 101 415 248 135 313 286 9411 80658 180841 30322 38948 75355 127373 138984 15208 6792 89102 8031 185659 10235 160977 125995 12210 4040 11248 162375 53675 162078 151970 49479 57358 106796 117446 170469 155903 55927 128834 30770 123348 92407 102638 159524 111684 146800 148458 142098 145523 198573 194464 56808 69460 84122 73363 183753 66534 51513 193197 151817 87389 175680 165893 97982 71 26175 140605 83972 28332 189705 38210 146744 136123 77291 150313 98448 1611 114250 197024 15988 108707 153005 190674 51296 109402 95283 12559 81783 25954 140229 145664 164307 94690 84148 99253 7630 24429 106971 18833 22422 181510 71923 36591 79064 179888 5152 109518 175515 84518 78270 23355 102894 191691 42986 75331 129866 147697 24534 72683 162333 50372 44453 42997 25924 182333 55889 80799 191675
200
114373 113408 109285 98134 149509 163729 109269 74570 48271 90597 100165 40944 68210 27244 130778 22461 66474 83981 42344 148929 21489 143111 21962 179823 68588 112325 61758 160456 89874 57188 7409 16953 179445 132540 81431 18339 44459 24773 68768 124050 113248 70065 112688 160682 182559 88016 174329 111426 16785 101248 81168 29893 138150 38274 196955 5451 153464 98501 75284 21928 13632 99667 178212 62723 11729 85246 63802 45037 50154 132968 78279 137931 62634 63817 121750 114639 191587 55510 12222 96990 108431 148257 129160 142575 38802 157661 70133 8571 185527 175762 141710 3787 159591 11485 69499 77580 29374 26062 31350 157350 62337 137043 4873 83149 21815 27916 74197 52181 129164 63985 192118 76816 9662 185824 54664 35642 161992 45205 161426 29408 179230 89407 157449 119328 191352 125084 43219 139703 2947 77051 180933 132156 148944 81118 95560 96944 189941 180113 34481 37509 35836 185884 28601 99596 53033 108783 35108 14641 191298 21447 8191 198755 128574 9246 188600 83745 73498 95614 145368 24153 123339 115096 190741 59753 94130 152712 59258 187188 64722 51208 71817 140199 28942 58764 90154 117802 191540 171459 195341 19833 119427 69389 88739 74403 118110 136646 4271 104563 38138 10291 102708 184058 110717 1458 88252 161759 84558 101862 43091 126558
200
14199 187407 113007 153464 11848 21365 74236 192507 156813 62608 82278 186603 2643 176987 132907 49536 100871 199307 13337 92777 198330 156633 118098 95614 28096 114429 138108 21730 21235 74779 115737 63632 136006 68363 54312 55547 64340 155298 64030 37644 10014 136573 122350 168040 6137 127411 30477 51854 172273 185349 94052 16706 105606 54136 32011 22909 39254 18348 130410 15545 65828 8867 194002 186585 45055 66605 26065 188777 73500 61938 113087 101211 42125 124375 168245 142981 107579 161004 61658 137291 163059 139059 25181 59592 103379 184677 145849 12473 193660 169125 54240 168383 193686 83625 185758 26884 194750 170510 195033 192968 170551 6588 68269 197001 94736 141687 60900 80022 196617 156418 179757 108203 155850 62467 134668 116795 94072 192502 96440 7386 197663 68500 22647 24314 5993 25480 93307 11285 193481 155640 187463 133957 11443 189216 150597 108612 131681 170471 178055 170909 126826 171361 189953 130393 110329 20421 5195 2532 196189 77574 10061 35910 21366 21940 64987 128838 1358 197938 6021 71654 166544 143837 77521 134352 130168 156486 49753 74025 172969 137118 159000 117296 98421 101495 127508 42655 190234 35876 102153 146289 52089 106896 25720 184732 155845 85333 8303 108743 11350 192830 155935 62203 101417 75140 137213 133793 80811 34322 101019 77212
200
20064 7011 24282 6441 6669 11400 8550 8835 12825 14877 1083 48576 16974 58788 15594 16146 27600 20700 21390 31050 36018 2622 21120 7380 25560 6780 7020 12000 9000 9300 13500 15660 1140 74976 26199 90738 24069 24921 42600 31950 33015 47925 55593 4047 119680 41820 144840 38420 39780 68000 51000 52700 76500 88740 6460 152768 53382 184884 49042 50778 86800 65100 67270 97650 113274 8246 29568 10332 35784 9492 9828 16800 12600 13020 18900 21924 1596 124608 43542 150804 40002 41418 70800 53100 54870 79650 92394 6726 110880 38745 134190 35595 36855 63000 47250 48825 70875 82215 5985 53856 18819 65178 17289 17901 30600 22950 23715 34425 39933 2907 155584 54366 188292 49946 51714 88400 66300 68510 99450 115362 8398 57 138 60 213 340 434 84 354 315 153 442 352 123 426 113 117 200 150 155 225 261 19 167379 100770 167722 130775 111995 24416 22958 156519 207 32366 12392 151314 91662 149725 24429 190965 89562 31636 1713 160719 19315 46580 148798 95861 163207 90458 48608 101887 192895 174085 131545 165520 1533 697 5455 107314 87023 92826 195947 11494 156041 143745 128076 177845 137587 30714 18113 59183 166276 27913 180240 91386 142701 142635 144922 137138 94672
200
139709 58320 151350 42495 122726 54676 25207 10555 137313 137166 83729 192292 571 126862 97062 147353 45261 72022 172743 133260 65442 41879 178126 22957 18905 100301 47817 141175 26798 142613 148780 56869 168925 133237 117698 55625 185380 68906 116117 148376 168882 13967 158694 46448 195433 149685 43143 124876 142224 99507 35469 160067 68381 139914 52384 39422 174176 171116 137603 127717 157838 102422 91888 117769 56247 141327 117590 15267 141561 35942 99832 138673 51833 191369 108152 78340 61580 138537 38446 94913 116835 178698 59214 101080 109883 14634 159446 165497 13246 85959 175268 43759 2853 105996 121155 28333 64004 154592 178491 139828 186976 11254 149214 79306 154241 59026 162033 79624 86238 68395 26087 110790 45987 176530 160236 112322 142716 131053 80660 84814 142463 39458 131859 65877 39598 191817 16917 191691 158690 155787 47114 4220 187149 96855 35480 128564 33449 168429 26481 178359 153976 82185 174708 108194 182972 106865 197518 89573 28593 4224 129746 31916 178808 48213 60824 970 134526 148766 48120 176525 136107 181399 181266 70704 74911 198307 154424 164 197776 75595 30401 121148 98767 87345 78724 86815 134185 94884 119935 80984 25191 87878 189224 121217 103053 41582 80177 193097 4836 67794 112199 56927 178667 142324 192711 174605 52233 127417 175185 34870
200
10512 12000 20208 11280 12240 21072 2352 19008 49056 56000 94304 52640 57120 98336 10976 88704 75774 86500 145666 81310 88230 151894 16954 137016 1752 2000 3368 1880 2040 3512 392 3168 6132 7000 11788 6580 7140 12292 1372 11088 6351 7250 12209 6815 7395 12731 1421 11484 88914 101500 170926 95410 103530 178234 19894 160776 37230 42500 71570 39950 43350 74630 8330 67320 48 224 346 8 28 29 406 170 219 250 421 235 255 439 49 396 175479 85911 7593 82706 83105 42840 109678 167154 6226 121787 85418 153746 56560 24164 55123 190016 72475 46525 114129 50090 79967 139524 44141 102394 184881 91865 189720 68171 45248 197336 107354 33949 50449 108902 77222 74294 176184 66151 13963 52090 161176 11638 112056 51553 150210 108559 73274 117001 80054 140717 23003 153809 74830 99961 36059 182198 72408 7520 155092 178712 61591 76250 186654 94403 96734 72271 128642 116645 35641 28568 129799 167113 10993 56738 10409 166051 31080 71547 49555 32838 138039 95597 144438 21631 15989 94543 27664 52315 36593 93132 143229 195640 186537 196308 120316 178788 153875 197780 156081 10649 107302 24991 92859 196727 105233 79231 7706 117808 123647 160360 125494 106905 141019 111529 191647 175680 17015 166314 192696 16835
200
135631 64559 23844 19998 175617 191665 64393 55570 166901 184455 131481 56707 73014 146944 152005 117791 1070 100431 169704 81576 169059 7438 182713 175200 195065 37596 96219 8151 178081 168159 42291 30503 146008 119931 167153 172471 165361 112194 145580 53311 56692 116043 61407 21004 55699 29742 45330 13433 41064 30449 160756 141162 96593 76021 194548 108782 191008 171316 51887 171227 38910 181129 143506 193130 150809 186502 89971 143359 126483 41575 164735 184660 102775 30138 46965 64886 192019 50647 69423 113872 97207 107291 148275 66436 47229 23473 5316 28395 23193 51698 73434 99381 100738 170161 6335 157396 29709 140224 102556 56305 97623 173747 71415 28257 63748 144942 125939 31634 120351 104834 71323 113188 77686 107636 54208 97227 37685 181978 132306 120935 97701 4102 27900 51008 37463 172452 35649 34590 88704 79869 39095 118120 188814 145143 20514 55650 197857 102788 67373 128930 99492 179723 59747 110894 188204 27189 139392 73204 62972 127080 19475 58364 11799 176633 153154 113857 168735 152325 193877 51469 11853 113641 72017 26919 129404 174730 196463 83290 41085 161707 48492 64745 136770 12243 174076 149733 48374 47626 74514 194303 54046 96670 57522 80683 46016 37472 147505 189881 175616 35727 112695 6679 147716 24752 13275 171806 149329 30162 9813 166302
200
101805 76099 63671 135735 159746 127705 140246 121984 129722 23892 96162 87410 154294 4171 142183 10662 186754 3554 197032 198071 145082 39410 36227 140277 23965 43093 123267 55402 147609 184780 128128 174619 20109 185826 156610 118692 53473 56901 74986 41049 25686 71895 174711 133282 123050 29493 165371 32011 101811 194935 99599 29380 112606 38922 94324 978 178575 69563 20009 132324 40660 156297 1981 88142 98125 196034 159375 53827 190272 23961 93639 65624 54026 8013 175826 174211 121107 53235 37513 126096 5929 59627 141081 127668 153795 55485 115525 146594 24829 159431 11280 165981 8472 127724 85827 112957 12845 41298 26312 144609 183641 120112 153598 156382 38496 40002 113942 1570 145300 175516 84327 184926 105862 130427 9269 81532 98871 4034 193565 154381 30966 44837 1620 73163 135773 58902 79792 159630 91768 101707 155159 78585 104357 61981 128819 192142 152468 96905 102297 175740 47219 90849 120667 147756 108064 148414 54054 63093 62631 140787 77144 90270 87691 199597 191382 112036 56584 3364 12335 116697 145658 14149 114580 11777 60271 85979 157526 127129 160938 111119 129621 135028 21519 199677 161200 131630 133686 150919 161429 7217 8041 31356 155320 7105 170208 18193 159671 167102 36238 94717 44098 26008 199064 163137 74690 151695 98790 20286 141225 194232
200
0 0 0 0 0 0 0 0 0 0 0 0 0 0 0 0 0 0 0 0 0 0 0 0 0 0 0 0 0 0 0 0 0 0 0 0 0 0 0 0 0 0 0 0 0 0 0 0 0 0 0 0 0 0 0 0 0 0 0 0 0 0 0 0 0 0 0 0 0 0 0 0 0 0 0 0 0 0 0 0 0 0 0 0 0 0 0 0 0 0 0 0 0 0 0 0 0 0 0 0 11032 120376 23145 29776 184141 189892 117596 96960 80740 34813 194143 59577 7074 197964 3382 149516 21231 16301 194772 86919 133721 188254 11737 64852 173608 142984 171902 44795 8485 109062 152150 127962 56840 165826 12671 93488 85020 112026 10394 18544 85078 77077 112588 158909 57560 22563 82956 97339 39099 8591 66223 66810 114129 60477 42337 154102 52102 153723 63619 97657 13891 196836 154101 969 45522 120950 165758 99258 92668 188437 65342 107474 106165 58669 178850 139312 32259 138967 168647 131875 139147 112345 163909 163430 81963 116559 71176 115587 192588 61455 160755 147989 79332 125266 7670 104735 162027 175516 138206 33642
200
0 0 0 0 0 0 0 0 0 0 0 0 0 0 0 0 0 0 0 0 0 0 0 0 0 0 0 0 0 0 0 0 0 0 0 0 0 0 0 0 0 0 0 0 0 0 0 0 0 0 0 0 0 0 0 0 0 0 0 0 0 0 0 0 0 0 0 0 0 0 0 0 0 0 0 0 0 0 0 0 0 0 0 0 0 0 0 0 0 0 0 0 0 0 0 0 0 0 0 0 37324 32917 119869 185019 171013 56053 9899 95076 158991 49925 42372 133744 40811 195080 153580 17947 179369 197520 9816 190145 167034 64715 32710 172887 11660 61581 73330 188632 67208 30144 63758 130746 70667 152762 3666 10789 107344 100809 195456 69536 67273 14316 77468 190677 165919 118200 118953 80278 77555 98615 193316 41358 188907 51525 125999 153390 51271 53741 126639 65961 191191 105974 190231 61533 160873 50043 50470 18296 8677 122548 192445 184889 128130 172990 197374 183127 98938 108790 120811 144796 13138 159455 40095 183239 81159 115038 5843 68454 44591 39900 62163 69945 49977 169057 87305 118515 162531 57900 77246 2149
200
36660 14981 147674 180429 45491 151094 134182 187307 142351 111975 53221 155670 67841 71549 134071 8173 38970 20089 171908 163131 49438 140731 93705 184019 106081 3015 184454 109243 81140 15096 156336 176162 103465 96653 130475 154383 171561 63568 122098 31745 183386 116651 179543 15202 104808 193201 178051 117683 148758 48215 96445 43738 103872 10923 134903 18425 35263 97535 184221 181267 10143 143344 76296 135539 103311 59914 671 41573 135047 47895 144772 147225 96768 88989 93837 127985 177190 45509 82251 21488 187431 60709 151352 85629 4878 6441 69303 137069 27183 61048 34904 35597 193545 86400 75830 134670 76546 164675 184500 92834 155038 116673 126820 41773 70886 114518 54157 112585 139966 145110 178326 170043 40580 117798 140964 36686 176057 141781 191458 138287 15998 172469 152193 7648 171210 111 28382 31222 319 199380 95636 38245 158589 83540 10658 72686 70373 87991 42383 137123 193855 121243 67671 163474 5902 163517 166493 56622 18121 93293 97562 16298 182800 165976 106829 191251 60626 11904 143382 154228 50883 171136 7553 116720 93572 118005 42042 191276 64525 104682 3931 67829 199670 76260 150351 158122 169792 24687 194393 118769 66674 32152 148060 85552 187112 99991 111550 111120 85209 57811 97583 193158 102822 168038 18336 192669 103367 71484 151000 121014
200
71148 60522 99792 76923 91245 28644 64218 89859 7623 71148 95865 57288 84777 86548 73622 121392 93573 110995 34844 78118 109309 9273 86548 116615 69688 103127 49896 42444 69984 53946 63990 20088 45036 63018 5346 49896 67230 40176 59454 116116 98774 162864 125541 148915 46748 104806 146653 12441 116116 156455 93496 138359 88396 75194 123984 95571 113365 35588 79786 111643 9471 88396 119105 71176 105329 90244 76766 126576 97569 115735 36332 81454 113977 9669 90244 121595 72664 107531 27104 23056 38016 29304 34760 10912 24464 34232 2904 27104 36520 21824 32296 103796 88294 145584 112221 133115 41788 93686 131093 11121 103796 139855 83576 123679 14476 12314 20304 15651 18565 5828 13066 18283 1551 14476 19505 11656 17249 111496 94844 156384 120546 142990 44888 100636 140818 11946 111496 150230 89776 132854 88704 75456 124416 95904 113760 35712 80064 112032 9504 88704 119520 71424 105696 35420 30130 49680 38295 45425 14260 31970 44735 3795 35420 47725 28520 42205 112420 95630 157680 121545 144175 45260 101470 141985 12045 112420 151475 90520 133955 231 281 162 377 287 293 88 337 47 362 288 115 365 308 262 432 333 395 124 278 389 33 308 415 248 367 42663 146379 124925 199689 87863
200
60121 147526 193388 66138 29572 102848 54875 185320 15973 67748 129247 179032 86371 74774 123919 176980 121816 131577 69126 115710 70168 36047 121956 124587 98063 166636 112582 11682 189464 181428 118312 175030 63328 48362 15340 128937 158297 131062 18540 21411 108029 29115 195284 3054 103313 29151 186804 124983 47684 106815 159062 33237 102811 157839 89024 25605 47694 3289 180905 67770 90901 57368 193461 118023 162304 6831 151559 16423 25954 84340 107199 179573 191408 171045 73894 124999 55910 136050 79876 174462 51746 57832 42828 121750 31119 54780 187029 21289 125599 82665 128884 46008 52861 104625 67162 129085 141927 146189 46447 75215 146233 26237 43050 145605 94767 192947 129665 153723 124149 66653 28614 86965 33734 115322 129339 16117 186141 9144 38314 63999 195406 186874 164455 64705 161503 123047 36243 165145 147406 38371 99925 138362 62319 36743 52530 168848 178825 36293 99224 39606 60300 68453 134658 35755 68286 7620 168409 13193 60399 96358 72295 178295 137703 175675 7374 160756 47586 91105 69595 152145 78767 117403 20134 8367 164408 144069 75393 148290 197690 174021 166864 96649 95939 43402 71573 196516 55579 59868 135606 18399 198733 20945 21933 117792 111747 143282 48136 47565 154317 53475 96097 162893 185429 163819 134502 70363 109554 4939 133095 25356
200
0 0 0 0 0 0 0 0 0 0 0 0 0 0 0 0 0 0 0 0 0 0 0 0 0 0 0 0 0 0 0 0 0 0 0 0 0 0 0 0 0 0 0 0 0 0 0 0 0 0 0 0 0 0 0 0 0 0 0 0 0 0 0 0 0 0 0 0 0 0 0 0 0 0 0 0 0 0 0 0 0 0 0 0 0 0 0 0 0 0 0 0 0 0 0 0 0 0 0 0 0 0 0 0 0 0 0 0 0 0 0 0 0 0 0 0 0 0 0 0 0 0 0 0 0 0 0 0 0 0 0 0 0 0 0 0 0 0 0 0 0 0 0 0 0 0 0 0 0 0 0 0 0 0 0 0 0 0 0 0 0 0 0 0 0 0 0 0 0 0 0 0 0 0 0 0 0 0 0 0 0 0 0 0 0 0 0 0 0 0 0 0 0 0 0 0 0 0 0 0
3
65537 65537 131073
200
1 1 1 0 1 0 1 0 1 0 0 1 1 0 1 0 0 1 1 0 0 0 1 0 1 1 1 0 1 1 1 1 1 1 1 1 0 1 0 1 1 1 1 1 1 1 1 0 0 0 0 1 0 1 1 1 0 1 0 1 1 1 0 1 1 1 0 0 1 0 0 0 0 0 0 1 1 0 0 1 0 1 0 1 0 1 0 1 0 0 1 1 0 0 0 0 1 1 1 0 0 1 0 0 0 1 0 0 0 0 1 0 1 1 0 0 0 0 0 1 1 1 1 1 1 0 1 1 0 1 0 0 0 0 1 0 1 1 0 0 0 1 0 1 1 1 1 0 1 0 0 0 1 1 0 0 1 1 0 1 1 1 0 1 0 1 1 0 0 1 1 1 1 1 0 0 0 0 1 1 0 0 1 1 1 0 1 0 0 1 0 0 0 0 0 1 1 0 1 1
200
1 1 1 1 1 1 1 1 1 1 1 1 1 1 1 1 1 1 1 1 1 1 1 1 1 1 1 1 1 1 1 1 1 1 1 1 1 1 1 1 1 1 1 1 1 1 1 1 1 1 1 1 1 1 1 1 1 1 1 1 1 1 1 1 1 1 1 1 1 1 1 1 1 1 1 1 1 1 1 1 1 1 1 1 1 1 1 1 1 1 1 1 1 1 1 1 1 1 1 1 1 1 1 1 1 1 1 1 1 1 1 1 1 1 1 1 1 1 1 1 1 1 1 1 1 1 1 1 1 1 1 1 1 1 1 1 1 1 1 1 1 1 1 1 1 1 1 1 1 1 1 1 1 1 1 1 1 1 1 1 1 1 1 1 1 1 1 1 1 1 1 1 1 1 1 1 1 1 1 1 1 1 1 1 1 1 1 1 1 1 1 1 1 1 1 1 1 1 1 1
