30
6
5 2 4 6 3 1
6
2 4 8 16 32 64
3
1 1 1
3
200000 200000 200000
200
187444 31272 20422 46741 16740 110926 132041 117684 26454 81306 20662 112160 69108 166320 102291 62247 95183 195728 145321 188400 98623 162167 23527 161433 42457 190109 11947 52212 66150 33281 28786 112663 3217 171089 4244 77234 29939 99258 197908 191243 148757 15673 158619 11219 194654 16507 77759 393 116862 66724 139318 131433 168495 141166 174341 9468 60530 39374 162060 198919 120275 111314 77942 127298 146521 48341 109948 168724 140860 64616 16691 45511 36289 130248 116420 8340 178866 77463 161511 45964 75408 186096 188083 8119 8691 81864 99632 146530 10753 126311 159729 195324 39464 195477 5144 101705 75562 191441 33937 166332 165399 46080 198302 139535 29569 197600 72652 177117 93636 53985 95968 135576 105267 96291 82501 193947 38917 120159 5808 44579 180281 63398 31911 125634 128304 62105 180166 160713 133252 41388 37579 78516 4395 59098 153417 73427 63835 139852 178099 168165 3444 172929 73713 81641 121642 48069 186063 43093 133815 67626 37310 180052 45236 160229 8473 124694 63785 88996 65965 68959 49004 67835 62605 168071 178835 140564 60553 63198 13294 64296 53754 26047 85069 191230 104770 195374 115032 194295 82942 159307 71105 182455 63680 12519 117921 43240 108322 85857 25837 28882 5972 129910 149665 16990 132627 22752 15079 65073 36370 151681
200
56364 30988 107848 42456 732 2684 26596 65880 52216 47092 23668 81252 36036 19812 68952 27144 468 1716 17004 42120 33384 30108 15132 51948 91014 50038 174148 68556 1182 4334 42946 106380 84316 76042 38218 131202 70917 38989 135694 53418 921 3377 33463 82890 65698 59251 29779 102231 66990 36830 128180 50460 870 3190 31610 78300 62060 55970 28130 96570 78540 43180 150280 59160 1020 3740 37060 91800 72760 65620 32980 113220 26103 14351 49946 19662 339 1243 12317 30510 24182 21809 10961 37629 90321 49657 172822 68034 1173 4301 42619 105570 83674 75463 37927 130203 58443 32131 111826 44022 759 2783 27577 68310 54142 48829 24541 84249 103257 56769 197574 77778 1341 4917 48723 120690 95658 86271 43359 148851 1386 762 2652 1044 18 66 654 1620 1284 1158 582 1998 42042 23114 80444 31668 546 2002 19838 49140 38948 35126 17654 60606 244 156 394 307 290 340 113 391 253 447 6 182 231 127 442 174 3 11 109 270 214 193 97 333 111546 130971 22663 175197 168947 116806 67328 135157 105691 198022 58479 150052 45015 117261 89749 5390 115610 64819 54070 100064 93791 32880 10309 186609 28254 91729 187636 162698 43441 106174 184589 97536
200
5304 7072 782 5372 7157 2788 1938 26208 34944 3864 26544 35364 13776 9576 120432 160576 17756 121976 162506 63304 44004 76440 101920 11270 77420 103145 40180 27930 113880 151840 16790 115340 153665 59860 41610 23712 31616 3496 24016 31996 12464 8664 113568 151424 16744 115024 153244 59696 41496 17 84 386 245 365 76 364 312 416 46 316 421 164 114 35504 112682 156124 88805 98317 118919 98303 57829 154476 100457 5522 36878 97369 111556 143451 166594 139833 49269 147361 78015 117023 179307 108318 25968 140559 141164 86544 158111 946 91093 92001 130579 93230 96854 64990 31031 72803 189910 175058 136492 172375 58902 188388 22648 46155 120864 178851 89196 87657 112227 19446 86864 121700 14747 88127 47834 89356 180309 58190 64542 82272 99610 145052 86585 119514 193322 78897 79820 143138 93398 43607 31223 121532 185657 83958 89591 75046 87175 137825 107814 40032 801 59449 101861 178868 47404 135703 77516 22354 22680 56394 70788 93144 177008 50374 42532 169938 199137 47287 178924 158433 194134 72203 164671 168066 123258 116861 190303 37718 103561 161395 76718 121170 79084 130639 128847 128841 42285 128177 8226 13373 38533 189135 178890 39631 78301 95213 138878 113585 113842 130387 148902 84419 98544 90441 196956 19210
200
43995 40635 41790 37905 34650 21945 7245 16905 20370 4095 62431 57663 59302 53789 49170 31141 10281 23989 28906 5811 83800 77400 79600 72200 66000 41800 13800 32200 38800 7800 117739 108747 111838 101441 92730 58729 19389 45241 54514 10959 123605 114165 117410 106495 97350 61655 20355 47495 57230 11505 58660 54180 55720 50540 46200 29260 9660 22540 27160 5460 159639 147447 151638 137541 125730 79629 26289 61341 73914 14859 61174 56502 58108 52706 48180 30514 10074 23506 28324 5694 175980 162540 167160 151620 138600 87780 28980 67620 81480 16380 160058 147834 152036 137902 126060 79838 26358 61502 74108 14898 105 149 200 281 295 140 381 146 420 382 419 387 398 361 330 209 69 161 194 39 120597 130714 5683 97869 174214 22677 14007 120376 73784 177697 64643 64231 34990 27968 46959 54501 157854 144732 53335 122394 165612 96707 60642 18406 77977 110626 10703 39528 103655 90115 79721 68601 113274 66354 180423 27178 4198 23041 132578 196681 59990 157924 34337 39415 21761 16257 40103 176323 25512 65353 18016 4188 39729 86899 5935 180366 160289 179755 24829 72966 144020 140953 83729 25850 43614 141651 90099 137087 13330 67033 77403 96750 148669 42399 164382 194790 6714 139789 61783 136682
200
1 1 0 0 0 0 0 0 1 0 1 1 0 1 1 1 1 1 1 1 0 1 0 1 1 0 0 1 1 1 0 1 0 1 1 1 1 0 0 0 0 1 1 0 1 0 1 1 1 1 0 1 0 1 0 0 1 1 1 0 0 1 1 0 1 1 0 0 1 1 0 0 0 0 1 0 1 1 1 0 1 0 0 1 1 0 1 1 1 0 0 1 1 0 1 1 0 0 1 1 1 0 0 0 0 0 0 1 0 0 1 1 1 0 0 0 0 0 1 1 0 1 0 0 0 0 1 1 1 0 1 1 0 1 1 0 0 0 1 1 0 1 1 0 1 0 0 0 0 0 0 1 0 1 1 0 1 0 0 0 0 1 0 1 1 0 1 0 0 1 1 0 1 1 1 1 0 1 1 1 1 0 1 0 0 1 0 0 0 0 0 0 1 1 0 0 0 0 0 0
200
181576 67728 81709 160949 41475 18606 106819 90062 177596 101891 175171 131716 177094 138216 152395 180170 84843 23788 117395 133266 74518 89325 61139 174666 127488 105241 180072 113618 64324 9852 24734 111284 7023 81998 183026 23693 149517 16628 24378 183469 98593 144185 40338 112144 99978 186763 171950 107277 101349 145654 58211 3364 53198 180310 84473 88280 4945 97480 182225 107584 53647 104522 112085 135478 167333 94945 41724 148894 71714 126517 139092 70410 80291 144817 48380 136534 23077 149514 53920 88434 134877 126586 89847 47992 187092 97291 183838 181406 149238 109720 63180 162364 24276 41166 15550 144584 116960 186768 175930 164466 194152 28660 29113 52260 181486 130517 97821 148172 96605 94397 137943 109489 187980 112023 75342 56157 116412 188565 14551 26970 129012 134145 134265 175409 152892 100392 10103 165544 5587 124724 155901 57963 134020 59090 153531 41471 92327 55882 55199 165152 98100 4751 62298 173033 15283 79654 97027 29647 58953 13834 179702 175163 131011 196491 176300 94494 61155 79598 190657 188399 113692 27936 178345 32314 73342 75675 783 2358 41697 183304 37610 148261 88344 83549 28001 104385 162727 75747 78543 62340 106937 33912 98122 51585 28138 161857 185697 169863 38609 189675 190882 95069 190644 156303 160130 113837 192324 183152 70496 174684
200
30132 46656 100602 49329 90639 107163 93798 78732 65610 36936 37908 52245 12524 19392 41814 20503 37673 44541 38986 32724 27270 15352 15756 21715 2728 4224 9108 4466 8206 9702 8492 7128 5940 3344 3432 4730 22692 35136 75762 37149 68259 80703 70638 59292 49410 27816 28548 39345 48112 74496 160632 78764 144724 171108 149768 125712 104760 58976 60528 83420 8928 13824 29808 14616 26856 31752 27792 23328 19440 10944 11232 15480 7316 11328 24426 11977 22007 26019 22774 19116 15930 8968 9204 12685 24924 38592 83214 40803 74973 88641 77586 65124 54270 30552 31356 43215 6820 10560 22770 11165 20515 24255 21230 17820 14850 8360 8580 11825 24800 38400 82800 40600 74600 88200 77200 64800 54000 30400 31200 43000 42408 65664 141588 69426 127566 150822 132012 110808 92340 51984 53352 73530 20212 31296 67482 33089 60799 71883 62918 52812 44010 24776 25428 35045 243 101 22 183 388 72 59 201 55 200 342 163 124 192 414 203 373 441 386 324 270 152 156 215 9272 80829 127756 183949 14511 78535 87603 81428 121112 65492 63611 20281 22627 96178 95730 28945 180894 156846 27018 84451 172204 42767 124084 196531 24956 164004 46507 28522 179262 13653 97269 144732
200
1 1 1 1 1 1 1 1 1 1 1 1 1 1 1 1 1 1 1 1 1 1 1 1 1 1 1 1 1 1 1 1 1 1 1 1 1 1 1 1 1 1 1 1 1 1 1 1 1 1 1 1 1 1 1 1 1 1 1 1 1 1 1 1 1 1 1 1 1 1 1 1 1 1 1 1 1 1 1 1 1 1 1 1 1 1 1 1 1 1 1 1 1 1 1 1 1 1 1 1 1 1 1 1 1 1 1 1 1 1 1 1 1 1 1 1 1 1 1 1 1 1 1 1 1 1 1 1 1 1 1 1 1 1 1 1 1 1 1 1 1 1 1 1 1 1 1 1 1 1 1 1 1 1 1 1 1 1 1 1 1 1 1 1 1 1 1 1 1 1 1 1 1 1 1 1 1 1 1 1 1 1 1 1 1 1 1 1 1 1 1 1 1 1 1 1 1 1 1 1
200
0 0 0 0 0 0 0 0 0 0 0 0 0 0 0 0 0 0 0 0 0 0 0 0 0 0 0 0 0 0 0 0 0 0 0 0 0 0 0 0 0 0 0 0 0 0 0 0 0 0 0 0 0 0 0 0 0 0 0 0 0 0 0 0 0 0 0 0 0 0 0 0 0 0 0 0 0 0 0 0 0 0 0 0 0 0 0 0 0 0 0 0 0 0 0 0 0 0 0 0 92586 131573 127328 30635 148122 48571 162455 81536 15340 65372 4196 132473 36430 6073 8976 138205 169846 187531 36396 69841 181150 53834 172114 157148 43242 164362 167614 105401 12126 90918 199312 145504 96624 72094 178551 197525 42523 101882 143213 155378 125320 37590 624 32296 168170 16019 56558 6444 87747 109365 117687 57269 88039 56785 193798 12862 12804 191542 158771 30335 103109 167503 177607 195442 78912 19451 57738 105926 153634 155249 37247 24038 198792 58445 37885 139487 53154 137116 72895 171817 30135 175672 70263 108154 116103 186554 49194 164331 117811 190120 85590 18779 77546 9996 116405 90347 80752 300 69916 134657
200
0 0 0 1 0 0 0 1 0 1 1 0 0 0 1 1 0 1 0 1 1 1 0 1 1 0 1 1 0 1 1 0 0 0 1 0 0 1 1 1 0 0 1 1 1 1 1 1 0 0 0 1 0 1 1 1 1 1 0 0 0 0 1 0 0 0 1 0 1 1 1 0 0 0 0 1 1 1 0 0 1 0 1 0 0 1 1 1 1 0 1 1 1 0 0 0 1 0 1 1 1 0 0 0 0 1 0 1 1 1 0 0 0 0 0 1 1 1 0 1 1 1 0 1 1 0 1 0 0 0 1 1 1 1 0 1 0 1 0 1 1 0 1 0 0 0 0 1 1 0 0 0 1 0 0 1 1 0 1 1 0 0 0 1 1 1 0 0 0 0 1 1 1 1 1 1 1 0 0 0 1 0 1 1 0 0 0 0 0 1 0 1 0 0 0 1 0 0 0 0
200
76906 122579 173114 188589 175325 120835 69445 60836 165953 16769 65099 61628 75080 68066 13355 136376 102108 196267 29865 139374 93902 45960 110411 104136 185600 56931 21630 145816 41929 120947 192256 134507 85623 70173 148908 99844 36844 26883 30309 127865 151937 192375 61214 131569 196151 148698 138643 105954 45224 179066 181486 24462 14029 55487 29422 39431 85578 92250 161606 172286 166948 120369 198647 98751 162242 60913 58607 158012 88148 65684 64294 168360 133866 75544 49454 50518 198272 183813 192793 50631 53001 149257 95158 83427 162117 137752 147150 78546 126828 81203 651 89558 121204 145897 111787 14 172968 78616 170226 52376 58818 198796 188029 123322 57739 38983 149694 119818 139066 159215 31372 173415 34590 108764 156555 50335 156905 173479 67537 30450 64391 20804 143326 191690 82971 132047 5189 192946 184408 139932 108630 76353 71547 115282 176463 145054 105788 80056 54373 104115 143336 165146 18376 169402 7917 121980 183424 62423 155793 59759 137378 73989 120728 150764 32008 123301 102276 195914 136429 71307 19099 148296 122276 72868 29981 83872 134872 107140 105699 56442 15366 1609 166291 5646 94167 31256 181418 35215 71573 91654 197205 152864 61313 160609 183962 18884 83512 168881 166871 93288 26279 12407 6374 80862 88734 6006 163174 25002 44835 197427
200
195212 123148 167242 131726 135037 45582 124098 152702 76299 167547 194403 51264 88303 65640 182134 161345 174068 5810 88831 70638 166048 169907 158629 169711 164456 70808 193789 34605 15842 106276 44670 90258 162171 826 114975 170361 90529 10185 121781 80341 164395 58804 58268 151454 165991 135741 173862 50978 107331 94940 108557 96005 20819 145686 181127 77039 127757 153531 40371 151603 12826 169876 89995 107718 48580 122755 33476 22010 179735 68380 34588 30267 181772 120378 165612 40748 199463 112245 139820 6317 35227 37544 46547 111962 79487 41752 63538 70526 40253 22251 25171 152347 199536 156116 96533 147092 136876 118606 39597 67910 10955 19120 102999 182030 120705 36464 85812 81021 33766 29365 143887 79008 49260 181969 89635 128920 192441 48986 198794 164240 49070 141603 30028 96873 169547 23419 86767 13470 75709 77323 151332 114072 30660 116454 68576 51786 99360 52611 27966 8803 24081 132387 183284 105581 194451 70862 49695 105965 51297 39366 61903 19085 51272 169837 174500 117014 144220 167726 58780 44508 131046 85087 89254 174256 99563 120543 160231 1968 187656 146488 71172 20391 64217 177164 143328 70351 154153 183289 64224 131351 158204 37857 186613 131626 180929 103492 115678 14921 51452 55271 142888 124884 21632 28507 117505 24717 155775 179278 55113 116134
200
122914 51944 43488 82446 91204 73688 55568 76516 32336 27072 51324 56776 45872 34592 156695 66220 55440 105105 116270 93940 70840 112332 47472 39744 75348 83352 67344 50784 96866 40936 34272 64974 71876 58072 43792 21571 9116 7632 14469 16006 12932 9752 153439 64844 54288 102921 113854 91988 69368 302 188 385 276 238 53 377 407 172 144 273 302 244 184 75500 155073 80635 163113 192913 44260 133277 194435 41419 86114 154403 194495 152148 16442 43254 122337 15567 87531 77574 77172 111878 165175 32874 34837 192524 39284 36303 82088 5742 13550 170824 88875 27817 47317 44093 145458 172480 97026 154364 26573 165807 169955 152363 191689 155963 11318 57599 33365 8393 142186 156576 196272 31753 101467 73158 58358 98798 109322 173782 72165 50232 149 190426 103672 111403 153848 96691 50648 118747 125325 183161 149334 12448 23639 115740 6020 32425 94425 65661 102347 72908 85441 176625 124784 14085 193637 3497 28514 95763 153942 43235 186281 108097 48608 153626 162085 103381 47532 96638 71608 152383 70949 78982 194283 8457 144383 181959 195967 76189 131864 41579 87045 122575 142090 64478 151848 22201 124748 22299 122566 170588 144567 54175 187934 22635 139411 27851 73434 188587 145505 44183 153372 85118 93659 104048 150422 149139
200
178749 180361 83587 32352 192939 66516 61439 1156 157509 161314 68159 94820 177904 4275 76562 27218 16392 189622 84030 65193 163468 94198 54224 170442 115670 26559 84084 158270 24256 68718 144541 27386 166987 16933 50664 119250 156788 92088 140966 7225 183238 5119 69601 80636 14497 12231 99842 81764 184857 36111 172595 144777 139406 55097 167083 182096 67354 57534 182762 121489 83739 56910 106888 116739 116906 64028 69541 177095 64577 6456 75959 117753 153277 27998 54049 66162 152368 191418 188566 84090 181113 107494 11899 114048 147231 49617 47115 156409 66397 60894 16491 39309 94176 50002 18439 123731 195486 156941 47538 120133 103872 53704 172167 49186 11352 63096 145920 22013 111180 176792 143027 33664 26469 88627 76152 198184 192668 105699 182468 34737 99316 9315 187180 73604 176857 103329 175087 157071 138384 107858 190237 69624 111192 186448 8150 48931 22909 189606 84596 91927 136279 156246 197310 59053 52805 20241 17833 53113 35128 95335 198010 110048 70092 26579 61736 94820 16772 16458 48981 120278 125727 16998 81546 49380 149783 167640 196124 23282 19426 48396 164594 61825 104195 107435 69602 155369 177783 67474 149787 106728 63868 110174 167507 108470 69742 118119 187314 92724 98326 41760 10050 64033 141231 32197 65436 126274 17475 119658 199631 156019
200
33442 136246 187146 114687 22847 191970 128983 195166 80849 5469 48501 79027 41926 43528 28551 186484 50073 33167 125137 144544 122303 27023 132913 31860 63340 8917 173743 154655 71853 40692 33304 86446 128679 127119 194730 20622 129106 138076 153433 101472 136417 136450 195875 31096 146124 148460 56820 198494 152620 156637 181524 158432 131954 115010 182938 45627 48408 137014 125115 62221 127315 70937 140819 178963 108910 37134 6365 78876 48106 37001 110734 22952 119566 31632 180412 166788 162988 72870 117379 135488 161406 22277 83265 50564 132523 122129 90548 140249 189176 105201 70462 146000 4913 144614 111139 23773 141111 44397 161559 157974 69439 39897 119310 13903 198193 114919 106419 85128 187231 95526 137367 92257 104983 113137 83137 49662 103529 88399 122643 179877 105204 104408 115859 84237 103769 94913 96502 196860 1526 96351 117824 56704 196614 193870 104014 91828 80534 175091 70894 139019 176536 88082 91601 16590 108735 107463 91843 90485 114636 194322 7060 2839 156290 27562 962 162946 45426 189602 18353 122516 64985 183535 1406 134668 68992 95132 30413 34531 72896 139669 93279 61347 25785 194507 147264 55511 8443 181639 13295 16933 75279 53166 177641 113340 157726 166252 143341 182770 187424 178034 55272 22024 56507 161552 136177 115031 31836 91797 93657 129405
200
96280 191617 188957 101248 117082 65730 111724 37205 148647 8830 20281 88666 94399 113961 90747 74144 11368 189673 177713 155933 109504 152332 13317 36229 115584 96221 21950 56796 176138 119870 93072 108020 146012 23175 28338 132604 74474 113455 66467 54917 125618 181084 44132 100006 105942 90921 100195 92507 7889 152573 110232 827 17990 28282 50370 93444 124769 145946 27712 102343 120516 117568 110642 123311 168288 4506 146380 109773 182405 93043 188514 138707 196413 86972 156383 126590 118140 81106 1748 137888 70340 95467 60742 158841 108737 114925 150723 178681 91882 33331 140965 27922 83421 106470 61551 146468 40377 163093 190895 8482 89737 137917 175976 41452 32440 131091 148891 96726 121637 153438 15890 111537 50795 48813 145327 58519 78284 33841 133825 169349 56042 184831 119656 94201 66127 143473 93990 194201 14812 69752 194823 41725 29334 72641 27235 66754 149131 67029 196853 25495 153964 175403 13482 148864 1518 16456 104163 144256 69026 25013 76373 56215 148418 79203 84656 186251 9155 67982 31463 175885 98887 3694 38564 142871 22298 153005 171198 15732 54563 28895 63464 87891 124296 9569 28949 93266 38957 164687 71375 147683 13477 154050 110692 86170 86069 130595 159167 127115 157531 51727 159038 181124 55891 164429 91912 183490 174549 47610 129168 27271
200
2354 130141 97277 41787 153382 176768 11392 123584 15328 75634 165234 14948 97765 126197 119835 193584 94569 176340 182487 137868 54558 175956 1552 69142 7287 171765 180113 86756 104822 6506 51852 118888 6871 5405 125298 184139 71263 161333 62266 97942 54373 69028 68086 62711 185775 178749 185509 38651 175861 99 100674 68789 58316 188875 6009 131867 134146 147035 152923 88528 77105 183377 108431 3881 151184 149814 73595 24247 110229 178731 178445 167792 137409 162006 27327 62731 109205 77564 167676 60820 75952 154363 43554 87188 122657 142277 154830 42756 93689 165580 142504 44658 74056 179770 194412 55452 21069 6453 83273 47289 91667 174787 142571 68985 131499 168201 993 96057 193089 172603 37124 198747 61904 84031 12324 59162 20298 196154 110701 42583 33218 182711 29673 82782 75187 89683 51130 178947 47196 164360 13711 125070 146077 121654 114892 183963 118845 25442 4675 169005 177876 100062 106367 20779 19788 137811 83909 119022 181406 101353 184837 193187 142727 137005 30090 17612 73638 71055 64403 131821 69317 30852 138047 184119 21104 170076 104119 123365 149512 127894 91337 63318 170441 174164 9023 103158 190500 91983 27855 28773 178628 147651 159182 192642 35259 24741 94780 16104 41010 7465 147687 121583 188771 152891 104136 181516 74589 127869 58443 66779
3
65537 65537 131073
200
0 0 0 0 0 0 0 60799 69764 59006 4075 7824 35208 66993 46998 53928 45612 3150 6048 27216 51786 135026 154936 131044 9050 17376 78192 148782 27229 31244 26426 1825 3504 15768 30003 127939 146804 124166 8575 16464 74088 140973 13428 15408 13032 900 1728 7776 14796 0 163 126 362 73 343 36 373 428 362 25 48 216 411 70407 184896 78152 172921 80430 11259 185817 100905 168096 117810 187997 173847 156588 169594 127059 112027 48487 170799 109617 198462 21145 134976 192106 28087 105700 137947 9531 107267 126471 52152 22289 113647 31874 179415 26984 128158 181559 99716 60074 179398 25081 101027 147909 166663 116961 176785 130049 35150 5668 56207 65586 88048 107428 159168 198163 155857 176455 117359 134972 185825 159440 119866 96689 2296 14204 102387 165685 54426 176936 90739 56087 144015 76377 65431 1873 131902 21298 63585 116210 68135 65536 105056 111337 3190 110950 143657 106952 143725 115422 196450 141665 22542 99750 132889 138745 79469 178666 170037 75836 25058 39391 25764 188171 64481 25493 85949 181199 172685 152583 98112 3813 137100 55513 98039 127696 11070 5047 101741 174968 105184 177121 152242 196550 125283 79777 127950 74919 107279 126188 58177 142407 114786 9290 54863 196670 150010 197551
200
0 0 0 0 0 0 0 0 0 0 0 0 0 0 0 0 0 0 0 0 0 0 0 0 0 0 0 0 0 0 0 0 0 0 0 0 0 0 0 0 0 0 0 0 0 0 0 0 0 0 0 0 0 0 0 0 0 0 0 0 0 0 0 0 0 0 0 0 0 0 0 0 0 0 0 0 0 0 0 0 0 0 0 0 0 0 0 0 0 0 0 0 0 0 0 0 0 0 0 0 0 0 0 0 0 0 0 0 0 0 0 0 0 0 0 0 0 0 0 0 0 0 0 0 0 0 0 0 0 0 0 0 0 0 0 0 0 0 0 0 0 0 0 0 0 0 0 0 0 0 0 0 0 0 0 0 0 0 0 0 0 0 0 0 0 0 0 0 0 0 0 0 0 0 0 0 0 0 0 0 0 0 0 0 0 0 0 0 0 0 0 0 0 0 0 0 0 0 0 0
200
112061 135205 154902 100305 78865 174655 46290 198365 21766 94585 122226 6745 3229 10770 122659 181380 137706 6494 111173 34476 137884 149641 27638 148870 60040 96441 95900 8057 105994 146736 61373 186087 157044 165230 74963 118021 144329 15225 84875 28676 5969 190784 87117 158213 11843 115207 10071 181163 19944 126614 199179 164664 48362 89797 149796 103590 97606 102510 153605 30305 30700 3705 165315 1223 117753 55332 162263 9775 192647 157500 7196 76105 183843 166007 100001 90552 128094 83244 58685 50933 170207 141008 121612 22993 109517 165271 78343 10028 108085 167999 18091 4039 86943 180998 112821 94680 63207 39666 63437 70902 97784 152090 70747 57735 56187 116160 122720 37637 133902 54666 108018 194586 168053 39116 47068 20436 111451 91288 2862 41585 121170 190831 21495 4282 73122 95113 175414 134109 145301 120203 36348 139377 191995 142402 67390 103671 77522 4316 184259 106858 170812 136447 46885 138174 82590 135483 20782 57138 169066 54603 70776 112316 20596 171516 126201 179624 136437 53108 73135 155640 181476 29428 28040 129657 183703 69979 159083 132560 97433 70890 97818 133995 195534 74253 71009 63811 153675 124342 47249 176463 152116 132999 54859 146698 2837 55239 47001 121074 42312 56300 156410 87754 52582 150666 56796 180866 41424 3117 187219 25080
200
28050 32475 8550 14550 8250 17475 28500 4125 9225 2550 7500 18750 14850 77044 89198 23484 39964 22660 47998 78280 11330 25338 7004 20600 51500 40788 11594 13423 3534 6014 3410 7223 11780 1705 3813 1054 3100 7750 6138 78914 91363 24054 40934 23210 49163 80180 11605 25953 7174 21100 52750 41778 157080 181860 47880 81480 46200 97860 159600 23100 51660 14280 42000 105000 83160 40392 46764 12312 20952 11880 25164 41040 5940 13284 3672 10800 27000 21384 72182 83569 22002 37442 21230 44969 73340 10615 23739 6562 19300 48250 38214 90134 104353 27474 46754 26510 56153 91580 13255 29643 8194 24100 60250 47718 50116 58022 15276 25996 14740 31222 50920 7370 16482 4556 13400 33500 26532 142868 165406 43548 74108 42020 89006 145160 21010 46986 12988 38200 95500 75636 159324 184458 48564 82644 46860 99258 161880 23430 52398 14484 42600 106500 84348 115192 133364 35112 59752 33880 71764 117040 16940 37884 10472 30800 77000 60984 67694 78373 20634 35114 19910 42173 68780 9955 22263 6154 18100 45250 35838 75 206 31 211 420 108 193 241 134 382 426 308 181 374 433 114 194 110 233 380 55 123 34 100 250 198 49208 179839 107203 92104 145423
200
200000 200000 200000 200000 200000 200000 200000 200000 200000 200000 200000 200000 200000 200000 200000 200000 200000 200000 200000 200000 200000 200000 200000 200000 200000 200000 200000 200000 200000 200000 200000 200000 200000 200000 200000 200000 200000 200000 200000 200000 200000 200000 200000 200000 200000 200000 200000 200000 200000 200000 200000 200000 200000 200000 200000 200000 200000 200000 200000 200000 200000 200000 200000 200000 200000 200000 200000 200000 200000 200000 200000 200000 200000 200000 200000 200000 200000 200000 200000 200000 200000 200000 200000 200000 200000 200000 200000 200000 200000 200000 200000 200000 200000 200000 200000 200000 200000 200000 200000 200000 200000 200000 200000 200000 200000 200000 200000 200000 200000 200000 200000 200000 200000 200000 200000 200000 200000 200000 200000 200000 200000 200000 200000 200000 200000 200000 200000 200000 200000 200000 200000 200000 200000 200000 200000 200000 200000 200000 200000 200000 200000 200000 200000 200000 200000 200000 200000 200000 200000 200000 200000 200000 200000 200000 200000 200000 200000 200000 200000 200000 200000 200000 200000 200000 200000 200000 200000 200000 200000 200000 200000 200000 200000 200000 200000 200000 200000 200000 200000 200000 200000 200000 200000 200000 200000 200000 200000 200000 200000 200000 200000 200000 200000 200000 200000 200000 200000 200000 200000 200000
200
65537 65537 131073 131073 131073 65537 65537 65537 65537 131073 131073 65537 65537 65537 65537 131073 65537 131073 65537 65537 65537 131073 131073 65537 65537 65537 65537 65537 131073 65537 65537 131073 131073 131073 131073 131073 65537 131073 65537 131073 65537 131073 131073 65537 65537 65537 131073 131073 65537 131073 65537 131073 65537 131073 65537 131073 131073 131073 131073 65537 131073 131073 131073 65537 65537 131073 131073 131073 65537 65537 65537 65537 131073 131073 65537 65537 65537 65537 65537 65537 65537 65537 65537 131073 131073 65537 65537 65537 65537 131073 131073 131073 65537 65537 65537 65537 65537 65537 131073 131073 131073 65537 131073 65537 65537 131073 131073 65537 65537 65537 131073 65537 131073 65537 65537 65537 65537 65537 131073 65537 65537 131073 131073 65537 65537 65537 65537 65537 65537 131073 65537 131073 65537 131073 65537 131073 65537 65537 131073 131073 131073 65537 131073 131073 131073 65537 131073 131073 65537 131073 65537 131073 131073 131073 131073 65537 131073 131073 131073 65537 65537 65537 65537 65537 65537 131073 131073 131073 131073 65537 131073 65537 131073 65537 131073 131073 131073 65537 65537 131073 65537 131073 65537 131073 65537 131073 65537 131073 65537 131073 131073 65537 65537 131073 131073 131073 65537 131073 65537 65537
200
42408 78888 100320 32604 33288 101916 100320 8436 19836 15732 81282 151202 192280 62491 63802 195339 192280 16169 38019 30153 186 346 440 143 146 447 440 37 87 69 26970 50170 63800 20735 21170 64815 63800 5365 12615 10005 60822 113142 143880 46761 47742 146169 143880 12099 28449 22563 79422 147742 187880 61061 62342 190869 187880 15799 37149 29463 50592 94112 119680 38896 39712 121584 119680 10064 23664 18768 35898 66778 84920 27599 28178 86271 84920 7141 16791 13317 27528 51208 65120 21164 21608 66156 65120 5476 12876 10212 32550 60550 77000 25025 25550 78225 77000 6475 15225 12075 228 437 1 145 327 427 272 193 148 175 186 346 440 143 146 447 440 37 87 69 116685 32602 8179 94694 49752 93919 87430 81319 134312 53451 113589 21271 143638 93990 120524 181249 172342 36448 46904 165072 143892 138048 96111 63633 21614 93988 40031 127305 60625 37877 92998 125424 162007 113884 193993 5048 32859 140995 164074 153763 87453 80441 177851 25818 91142 185745 185400 94115 54117 617 131774 195072 40853 17380 94948 156575 20995 143300 66102 17765 148030 140599 89315 134544 140531 172394 29485 198119 143825 125830 178673 42631 60417 148848 100914 74283 57288 183001 184030 54958
200
0 0 0 0 0 0 0 0 0 0 0 0 0 0 0 0 0 0 0 0 0 0 0 0 0 0 0 0 0 0 0 0 0 0 0 0 0 0 0 0 0 0 0 0 0 0 0 0 0 0 0 0 0 0 0 0 0 0 0 0 0 0 0 0 0 0 0 0 0 0 0 0 0 0 0 0 0 0 0 0 0 0 0 0 0 0 0 0 0 0 0 0 0 0 0 0 0 0 0 0 30815 87360 121210 169328 103845 165964 154793 87 68704 114242 196046 110587 162567 199854 54790 174480 129134 173566 113308 114722 197710 28577 158101 41358 20888 173235 116051 108246 3040 104926 56557 186271 91194 133064 17167 161730 187736 91951 162863 10468 173299 71341 11223 123791 153865 76141 95745 33079 123821 183655 46395 132624 100131 191767 179474 24603 120967 118956 52287 154007 147380 78917 46413 199187 3173 94303 32011 195837 141931 54871 164898 28019 124626 81689 186857 69763 133425 116355 197258 138680 40378 145130 40160 73336 93248 148939 198455 47778 20752 39503 62593 49121 47492 92212 118457 35607 199837 122640 10945 95879
